 !FromTopology={TPSurfoutlet}

 !ToTopology={TPQuad}


 !NewElementMapDefinition
           1        2017
         0.0000000000000000        0.0000000000000000        1.0000000000000000     
         1.0000000000000000        0.0000000000000000        1.0000000000000000     
         0.0000000000000000        1.0000000000000000        1.0000000000000000     
         1.0000000000000000        1.0000000000000000        1.0000000000000000     
        0.50000000000000000        0.0000000000000000        1.0000000000000000     
         0.0000000000000000       0.50000000000000000        1.0000000000000000     
        0.50000000000000000       0.50000000000000000        1.0000000000000000     
         1.0000000000000000       0.50000000000000000        1.0000000000000000     
        0.50000000000000000        1.0000000000000000        1.0000000000000000     

 !NewElementMapDefinition
           2        2018
         0.0000000000000000        0.0000000000000000        1.0000000000000000     
         1.0000000000000000        0.0000000000000000        1.0000000000000000     
         0.0000000000000000        1.0000000000000000        1.0000000000000000     
         1.0000000000000000        1.0000000000000000        1.0000000000000000     
        0.50000000000000000        0.0000000000000000        1.0000000000000000     
         0.0000000000000000       0.50000000000000000        1.0000000000000000     
        0.50000000000000000       0.50000000000000000        1.0000000000000000     
         1.0000000000000000       0.50000000000000000        1.0000000000000000     
        0.50000000000000000        1.0000000000000000        1.0000000000000000     

 !NewElementMapDefinition
           3        2019
         0.0000000000000000        0.0000000000000000        1.0000000000000000     
         1.0000000000000000        0.0000000000000000        1.0000000000000000     
         0.0000000000000000        1.0000000000000000        1.0000000000000000     
         1.0000000000000000        1.0000000000000000        1.0000000000000000     
        0.50000000000000000        0.0000000000000000        1.0000000000000000     
         0.0000000000000000       0.50000000000000000        1.0000000000000000     
        0.50000000000000000       0.50000000000000000        1.0000000000000000     
         1.0000000000000000       0.50000000000000000        1.0000000000000000     
        0.50000000000000000        1.0000000000000000        1.0000000000000000     

 !NewElementMapDefinition
           4        2020
         0.0000000000000000        0.0000000000000000        1.0000000000000000     
         1.0000000000000000        0.0000000000000000        1.0000000000000000     
         0.0000000000000000        1.0000000000000000        1.0000000000000000     
         1.0000000000000000        1.0000000000000000        1.0000000000000000     
        0.50000000000000000        0.0000000000000000        1.0000000000000000     
         0.0000000000000000       0.50000000000000000        1.0000000000000000     
        0.50000000000000000       0.50000000000000000        1.0000000000000000     
         1.0000000000000000       0.50000000000000000        1.0000000000000000     
        0.50000000000000000        1.0000000000000000        1.0000000000000000     

 !NewElementMapDefinition
           5        2021
         0.0000000000000000        0.0000000000000000        1.0000000000000000     
         1.0000000000000000        0.0000000000000000        1.0000000000000000     
         0.0000000000000000        1.0000000000000000        1.0000000000000000     
         1.0000000000000000        1.0000000000000000        1.0000000000000000     
        0.50000000000000000        0.0000000000000000        1.0000000000000000     
         0.0000000000000000       0.50000000000000000        1.0000000000000000     
        0.50000000000000000       0.50000000000000000        1.0000000000000000     
         1.0000000000000000       0.50000000000000000        1.0000000000000000     
        0.50000000000000000        1.0000000000000000        1.0000000000000000     

 !NewElementMapDefinition
           6        2022
         0.0000000000000000        0.0000000000000000        1.0000000000000000     
         1.0000000000000000        0.0000000000000000        1.0000000000000000     
         0.0000000000000000        1.0000000000000000        1.0000000000000000     
         1.0000000000000000        1.0000000000000000        1.0000000000000000     
        0.50000000000000000        0.0000000000000000        1.0000000000000000     
         0.0000000000000000       0.50000000000000000        1.0000000000000000     
        0.50000000000000000       0.50000000000000000        1.0000000000000000     
         1.0000000000000000       0.50000000000000000        1.0000000000000000     
        0.50000000000000000        1.0000000000000000        1.0000000000000000     

 !NewElementMapDefinition
           7        2023
         0.0000000000000000        0.0000000000000000        1.0000000000000000     
         1.0000000000000000        0.0000000000000000        1.0000000000000000     
         0.0000000000000000        1.0000000000000000        1.0000000000000000     
         1.0000000000000000        1.0000000000000000        1.0000000000000000     
        0.50000000000000000        0.0000000000000000        1.0000000000000000     
         0.0000000000000000       0.50000000000000000        1.0000000000000000     
        0.50000000000000000       0.50000000000000000        1.0000000000000000     
         1.0000000000000000       0.50000000000000000        1.0000000000000000     
        0.50000000000000000        1.0000000000000000        1.0000000000000000     

 !NewElementMapDefinition
           8        2024
         0.0000000000000000        0.0000000000000000        1.0000000000000000     
         1.0000000000000000        0.0000000000000000        1.0000000000000000     
         0.0000000000000000        1.0000000000000000        1.0000000000000000     
         1.0000000000000000        1.0000000000000000        1.0000000000000000     
        0.50000000000000000        0.0000000000000000        1.0000000000000000     
         0.0000000000000000       0.50000000000000000        1.0000000000000000     
        0.50000000000000000       0.50000000000000000        1.0000000000000000     
         1.0000000000000000       0.50000000000000000        1.0000000000000000     
        0.50000000000000000        1.0000000000000000        1.0000000000000000     

 !NewElementMapDefinition
           9        2025
         0.0000000000000000        0.0000000000000000        1.0000000000000000     
         1.0000000000000000        0.0000000000000000        1.0000000000000000     
         0.0000000000000000        1.0000000000000000        1.0000000000000000     
         1.0000000000000000        1.0000000000000000        1.0000000000000000     
        0.50000000000000000        0.0000000000000000        1.0000000000000000     
         0.0000000000000000       0.50000000000000000        1.0000000000000000     
        0.50000000000000000       0.50000000000000000        1.0000000000000000     
         1.0000000000000000       0.50000000000000000        1.0000000000000000     
        0.50000000000000000        1.0000000000000000        1.0000000000000000     

 !NewElementMapDefinition
          10        2026
         0.0000000000000000        0.0000000000000000        1.0000000000000000     
         1.0000000000000000        0.0000000000000000        1.0000000000000000     
         0.0000000000000000        1.0000000000000000        1.0000000000000000     
         1.0000000000000000        1.0000000000000000        1.0000000000000000     
        0.50000000000000000        0.0000000000000000        1.0000000000000000     
         0.0000000000000000       0.50000000000000000        1.0000000000000000     
        0.50000000000000000       0.50000000000000000        1.0000000000000000     
         1.0000000000000000       0.50000000000000000        1.0000000000000000     
        0.50000000000000000        1.0000000000000000        1.0000000000000000     

 !NewElementMapDefinition
          11        2027
         0.0000000000000000        0.0000000000000000        1.0000000000000000     
         1.0000000000000000        0.0000000000000000        1.0000000000000000     
         0.0000000000000000        1.0000000000000000        1.0000000000000000     
         1.0000000000000000        1.0000000000000000        1.0000000000000000     
        0.50000000000000000        0.0000000000000000        1.0000000000000000     
         0.0000000000000000       0.50000000000000000        1.0000000000000000     
        0.50000000000000000       0.50000000000000000        1.0000000000000000     
         1.0000000000000000       0.50000000000000000        1.0000000000000000     
        0.50000000000000000        1.0000000000000000        1.0000000000000000     

 !NewElementMapDefinition
          12        2028
         0.0000000000000000        0.0000000000000000        1.0000000000000000     
         1.0000000000000000        0.0000000000000000        1.0000000000000000     
         0.0000000000000000        1.0000000000000000        1.0000000000000000     
         1.0000000000000000        1.0000000000000000        1.0000000000000000     
        0.50000000000000000        0.0000000000000000        1.0000000000000000     
         0.0000000000000000       0.50000000000000000        1.0000000000000000     
        0.50000000000000000       0.50000000000000000        1.0000000000000000     
         1.0000000000000000       0.50000000000000000        1.0000000000000000     
        0.50000000000000000        1.0000000000000000        1.0000000000000000     

 !NewElementMapDefinition
          13        2029
         0.0000000000000000        0.0000000000000000        1.0000000000000000     
         1.0000000000000000        0.0000000000000000        1.0000000000000000     
         0.0000000000000000        1.0000000000000000        1.0000000000000000     
         1.0000000000000000        1.0000000000000000        1.0000000000000000     
        0.50000000000000000        0.0000000000000000        1.0000000000000000     
         0.0000000000000000       0.50000000000000000        1.0000000000000000     
        0.50000000000000000       0.50000000000000000        1.0000000000000000     
         1.0000000000000000       0.50000000000000000        1.0000000000000000     
        0.50000000000000000        1.0000000000000000        1.0000000000000000     

 !NewElementMapDefinition
          14        2030
         0.0000000000000000        0.0000000000000000        1.0000000000000000     
         1.0000000000000000        0.0000000000000000        1.0000000000000000     
         0.0000000000000000        1.0000000000000000        1.0000000000000000     
         1.0000000000000000        1.0000000000000000        1.0000000000000000     
        0.50000000000000000        0.0000000000000000        1.0000000000000000     
         0.0000000000000000       0.50000000000000000        1.0000000000000000     
        0.50000000000000000       0.50000000000000000        1.0000000000000000     
         1.0000000000000000       0.50000000000000000        1.0000000000000000     
        0.50000000000000000        1.0000000000000000        1.0000000000000000     

 !NewElementMapDefinition
          15        2031
         0.0000000000000000        0.0000000000000000        1.0000000000000000     
         1.0000000000000000        0.0000000000000000        1.0000000000000000     
         0.0000000000000000        1.0000000000000000        1.0000000000000000     
         1.0000000000000000        1.0000000000000000        1.0000000000000000     
        0.50000000000000000        0.0000000000000000        1.0000000000000000     
         0.0000000000000000       0.50000000000000000        1.0000000000000000     
        0.50000000000000000       0.50000000000000000        1.0000000000000000     
         1.0000000000000000       0.50000000000000000        1.0000000000000000     
        0.50000000000000000        1.0000000000000000        1.0000000000000000     

 !NewElementMapDefinition
          16        2032
         0.0000000000000000        0.0000000000000000        1.0000000000000000     
         1.0000000000000000        0.0000000000000000        1.0000000000000000     
         0.0000000000000000        1.0000000000000000        1.0000000000000000     
         1.0000000000000000        1.0000000000000000        1.0000000000000000     
        0.50000000000000000        0.0000000000000000        1.0000000000000000     
         0.0000000000000000       0.50000000000000000        1.0000000000000000     
        0.50000000000000000       0.50000000000000000        1.0000000000000000     
         1.0000000000000000       0.50000000000000000        1.0000000000000000     
        0.50000000000000000        1.0000000000000000        1.0000000000000000     

 !NewElementMapDefinition
          17        2033
         0.0000000000000000        0.0000000000000000        1.0000000000000000     
         1.0000000000000000        0.0000000000000000        1.0000000000000000     
         0.0000000000000000        1.0000000000000000        1.0000000000000000     
         1.0000000000000000        1.0000000000000000        1.0000000000000000     
        0.50000000000000000        0.0000000000000000        1.0000000000000000     
         0.0000000000000000       0.50000000000000000        1.0000000000000000     
        0.50000000000000000       0.50000000000000000        1.0000000000000000     
         1.0000000000000000       0.50000000000000000        1.0000000000000000     
        0.50000000000000000        1.0000000000000000        1.0000000000000000     

 !NewElementMapDefinition
          18        2034
         0.0000000000000000        0.0000000000000000        1.0000000000000000     
         1.0000000000000000        0.0000000000000000        1.0000000000000000     
         0.0000000000000000        1.0000000000000000        1.0000000000000000     
         1.0000000000000000        1.0000000000000000        1.0000000000000000     
        0.50000000000000000        0.0000000000000000        1.0000000000000000     
         0.0000000000000000       0.50000000000000000        1.0000000000000000     
        0.50000000000000000       0.50000000000000000        1.0000000000000000     
         1.0000000000000000       0.50000000000000000        1.0000000000000000     
        0.50000000000000000        1.0000000000000000        1.0000000000000000     

 !NewElementMapDefinition
          19        2035
         0.0000000000000000        0.0000000000000000        1.0000000000000000     
         1.0000000000000000        0.0000000000000000        1.0000000000000000     
         0.0000000000000000        1.0000000000000000        1.0000000000000000     
         1.0000000000000000        1.0000000000000000        1.0000000000000000     
        0.50000000000000000        0.0000000000000000        1.0000000000000000     
         0.0000000000000000       0.50000000000000000        1.0000000000000000     
        0.50000000000000000       0.50000000000000000        1.0000000000000000     
         1.0000000000000000       0.50000000000000000        1.0000000000000000     
        0.50000000000000000        1.0000000000000000        1.0000000000000000     

 !NewElementMapDefinition
          20        2036
         0.0000000000000000        0.0000000000000000        1.0000000000000000     
         1.0000000000000000        0.0000000000000000        1.0000000000000000     
         0.0000000000000000        1.0000000000000000        1.0000000000000000     
         1.0000000000000000        1.0000000000000000        1.0000000000000000     
        0.50000000000000000        0.0000000000000000        1.0000000000000000     
         0.0000000000000000       0.50000000000000000        1.0000000000000000     
        0.50000000000000000       0.50000000000000000        1.0000000000000000     
         1.0000000000000000       0.50000000000000000        1.0000000000000000     
        0.50000000000000000        1.0000000000000000        1.0000000000000000     

 !NewElementMapDefinition
          21        2037
         0.0000000000000000        0.0000000000000000        1.0000000000000000     
         1.0000000000000000        0.0000000000000000        1.0000000000000000     
         0.0000000000000000        1.0000000000000000        1.0000000000000000     
         1.0000000000000000        1.0000000000000000        1.0000000000000000     
        0.50000000000000000        0.0000000000000000        1.0000000000000000     
         0.0000000000000000       0.50000000000000000        1.0000000000000000     
        0.50000000000000000       0.50000000000000000        1.0000000000000000     
         1.0000000000000000       0.50000000000000000        1.0000000000000000     
        0.50000000000000000        1.0000000000000000        1.0000000000000000     

 !NewElementMapDefinition
          22        2038
         0.0000000000000000        0.0000000000000000        1.0000000000000000     
         1.0000000000000000        0.0000000000000000        1.0000000000000000     
         0.0000000000000000        1.0000000000000000        1.0000000000000000     
         1.0000000000000000        1.0000000000000000        1.0000000000000000     
        0.50000000000000000        0.0000000000000000        1.0000000000000000     
         0.0000000000000000       0.50000000000000000        1.0000000000000000     
        0.50000000000000000       0.50000000000000000        1.0000000000000000     
         1.0000000000000000       0.50000000000000000        1.0000000000000000     
        0.50000000000000000        1.0000000000000000        1.0000000000000000     

 !NewElementMapDefinition
          23        2039
         0.0000000000000000        0.0000000000000000        1.0000000000000000     
         1.0000000000000000        0.0000000000000000        1.0000000000000000     
         0.0000000000000000        1.0000000000000000        1.0000000000000000     
         1.0000000000000000        1.0000000000000000        1.0000000000000000     
        0.50000000000000000        0.0000000000000000        1.0000000000000000     
         0.0000000000000000       0.50000000000000000        1.0000000000000000     
        0.50000000000000000       0.50000000000000000        1.0000000000000000     
         1.0000000000000000       0.50000000000000000        1.0000000000000000     
        0.50000000000000000        1.0000000000000000        1.0000000000000000     

 !NewElementMapDefinition
          24        2040
         0.0000000000000000        0.0000000000000000        1.0000000000000000     
         1.0000000000000000        0.0000000000000000        1.0000000000000000     
         0.0000000000000000        1.0000000000000000        1.0000000000000000     
         1.0000000000000000        1.0000000000000000        1.0000000000000000     
        0.50000000000000000        0.0000000000000000        1.0000000000000000     
         0.0000000000000000       0.50000000000000000        1.0000000000000000     
        0.50000000000000000       0.50000000000000000        1.0000000000000000     
         1.0000000000000000       0.50000000000000000        1.0000000000000000     
        0.50000000000000000        1.0000000000000000        1.0000000000000000     

 !NewElementMapDefinition
          25        2041
         0.0000000000000000        0.0000000000000000        1.0000000000000000     
         1.0000000000000000        0.0000000000000000        1.0000000000000000     
         0.0000000000000000        1.0000000000000000        1.0000000000000000     
         1.0000000000000000        1.0000000000000000        1.0000000000000000     
        0.50000000000000000        0.0000000000000000        1.0000000000000000     
         0.0000000000000000       0.50000000000000000        1.0000000000000000     
        0.50000000000000000       0.50000000000000000        1.0000000000000000     
         1.0000000000000000       0.50000000000000000        1.0000000000000000     
        0.50000000000000000        1.0000000000000000        1.0000000000000000     

 !NewElementMapDefinition
          26        2042
         0.0000000000000000        0.0000000000000000        1.0000000000000000     
         1.0000000000000000        0.0000000000000000        1.0000000000000000     
         0.0000000000000000        1.0000000000000000        1.0000000000000000     
         1.0000000000000000        1.0000000000000000        1.0000000000000000     
        0.50000000000000000        0.0000000000000000        1.0000000000000000     
         0.0000000000000000       0.50000000000000000        1.0000000000000000     
        0.50000000000000000       0.50000000000000000        1.0000000000000000     
         1.0000000000000000       0.50000000000000000        1.0000000000000000     
        0.50000000000000000        1.0000000000000000        1.0000000000000000     

 !NewElementMapDefinition
          27        2043
         0.0000000000000000        0.0000000000000000        1.0000000000000000     
         1.0000000000000000        0.0000000000000000        1.0000000000000000     
         0.0000000000000000        1.0000000000000000        1.0000000000000000     
         1.0000000000000000        1.0000000000000000        1.0000000000000000     
        0.50000000000000000        0.0000000000000000        1.0000000000000000     
         0.0000000000000000       0.50000000000000000        1.0000000000000000     
        0.50000000000000000       0.50000000000000000        1.0000000000000000     
         1.0000000000000000       0.50000000000000000        1.0000000000000000     
        0.50000000000000000        1.0000000000000000        1.0000000000000000     

 !NewElementMapDefinition
          28        2044
         0.0000000000000000        0.0000000000000000        1.0000000000000000     
         1.0000000000000000        0.0000000000000000        1.0000000000000000     
         0.0000000000000000        1.0000000000000000        1.0000000000000000     
         1.0000000000000000        1.0000000000000000        1.0000000000000000     
        0.50000000000000000        0.0000000000000000        1.0000000000000000     
         0.0000000000000000       0.50000000000000000        1.0000000000000000     
        0.50000000000000000       0.50000000000000000        1.0000000000000000     
         1.0000000000000000       0.50000000000000000        1.0000000000000000     
        0.50000000000000000        1.0000000000000000        1.0000000000000000     

 !NewElementMapDefinition
          29        2045
         0.0000000000000000        0.0000000000000000        1.0000000000000000     
         1.0000000000000000        0.0000000000000000        1.0000000000000000     
         0.0000000000000000        1.0000000000000000        1.0000000000000000     
         1.0000000000000000        1.0000000000000000        1.0000000000000000     
        0.50000000000000000        0.0000000000000000        1.0000000000000000     
         0.0000000000000000       0.50000000000000000        1.0000000000000000     
        0.50000000000000000       0.50000000000000000        1.0000000000000000     
         1.0000000000000000       0.50000000000000000        1.0000000000000000     
        0.50000000000000000        1.0000000000000000        1.0000000000000000     

 !NewElementMapDefinition
          30        2046
         0.0000000000000000        0.0000000000000000        1.0000000000000000     
         1.0000000000000000        0.0000000000000000        1.0000000000000000     
         0.0000000000000000        1.0000000000000000        1.0000000000000000     
         1.0000000000000000        1.0000000000000000        1.0000000000000000     
        0.50000000000000000        0.0000000000000000        1.0000000000000000     
         0.0000000000000000       0.50000000000000000        1.0000000000000000     
        0.50000000000000000       0.50000000000000000        1.0000000000000000     
         1.0000000000000000       0.50000000000000000        1.0000000000000000     
        0.50000000000000000        1.0000000000000000        1.0000000000000000     

 !NewElementMapDefinition
          31        2047
         0.0000000000000000        0.0000000000000000        1.0000000000000000     
         1.0000000000000000        0.0000000000000000        1.0000000000000000     
         0.0000000000000000        1.0000000000000000        1.0000000000000000     
         1.0000000000000000        1.0000000000000000        1.0000000000000000     
        0.50000000000000000        0.0000000000000000        1.0000000000000000     
         0.0000000000000000       0.50000000000000000        1.0000000000000000     
        0.50000000000000000       0.50000000000000000        1.0000000000000000     
         1.0000000000000000       0.50000000000000000        1.0000000000000000     
        0.50000000000000000        1.0000000000000000        1.0000000000000000     

 !NewElementMapDefinition
          32        2048
         0.0000000000000000        0.0000000000000000        1.0000000000000000     
         1.0000000000000000        0.0000000000000000        1.0000000000000000     
         0.0000000000000000        1.0000000000000000        1.0000000000000000     
         1.0000000000000000        1.0000000000000000        1.0000000000000000     
        0.50000000000000000        0.0000000000000000        1.0000000000000000     
         0.0000000000000000       0.50000000000000000        1.0000000000000000     
        0.50000000000000000       0.50000000000000000        1.0000000000000000     
         1.0000000000000000       0.50000000000000000        1.0000000000000000     
        0.50000000000000000        1.0000000000000000        1.0000000000000000     
