 !FromTopology={TPSurfinlet}

 !ToTopology={TPQuad}


 !NewElementMapDefinition
           1           1
         0.0000000000000000        0.0000000000000000        0.0000000000000000     
         1.0000000000000000        0.0000000000000000        0.0000000000000000     
         0.0000000000000000        1.0000000000000000        0.0000000000000000     
         1.0000000000000000        1.0000000000000000        0.0000000000000000     
        0.50000000000000000        0.0000000000000000        0.0000000000000000     
         0.0000000000000000       0.50000000000000000        0.0000000000000000     
        0.50000000000000000       0.50000000000000000        0.0000000000000000     
         1.0000000000000000       0.50000000000000000        0.0000000000000000     
        0.50000000000000000        1.0000000000000000        0.0000000000000000     

 !NewElementMapDefinition
           2           2
         0.0000000000000000        0.0000000000000000        0.0000000000000000     
         1.0000000000000000        0.0000000000000000        0.0000000000000000     
         0.0000000000000000        1.0000000000000000        0.0000000000000000     
         1.0000000000000000        1.0000000000000000        0.0000000000000000     
        0.50000000000000000        0.0000000000000000        0.0000000000000000     
         0.0000000000000000       0.50000000000000000        0.0000000000000000     
        0.50000000000000000       0.50000000000000000        0.0000000000000000     
         1.0000000000000000       0.50000000000000000        0.0000000000000000     
        0.50000000000000000        1.0000000000000000        0.0000000000000000     

 !NewElementMapDefinition
           3           3
         0.0000000000000000        0.0000000000000000        0.0000000000000000     
         1.0000000000000000        0.0000000000000000        0.0000000000000000     
         0.0000000000000000        1.0000000000000000        0.0000000000000000     
         1.0000000000000000        1.0000000000000000        0.0000000000000000     
        0.50000000000000000        0.0000000000000000        0.0000000000000000     
         0.0000000000000000       0.50000000000000000        0.0000000000000000     
        0.50000000000000000       0.50000000000000000        0.0000000000000000     
         1.0000000000000000       0.50000000000000000        0.0000000000000000     
        0.50000000000000000        1.0000000000000000        0.0000000000000000     

 !NewElementMapDefinition
           4           4
         0.0000000000000000        0.0000000000000000        0.0000000000000000     
         1.0000000000000000        0.0000000000000000        0.0000000000000000     
         0.0000000000000000        1.0000000000000000        0.0000000000000000     
         1.0000000000000000        1.0000000000000000        0.0000000000000000     
        0.50000000000000000        0.0000000000000000        0.0000000000000000     
         0.0000000000000000       0.50000000000000000        0.0000000000000000     
        0.50000000000000000       0.50000000000000000        0.0000000000000000     
         1.0000000000000000       0.50000000000000000        0.0000000000000000     
        0.50000000000000000        1.0000000000000000        0.0000000000000000     

 !NewElementMapDefinition
           5           5
         0.0000000000000000        0.0000000000000000        0.0000000000000000     
         1.0000000000000000        0.0000000000000000        0.0000000000000000     
         0.0000000000000000        1.0000000000000000        0.0000000000000000     
         1.0000000000000000        1.0000000000000000        0.0000000000000000     
        0.50000000000000000        0.0000000000000000        0.0000000000000000     
         0.0000000000000000       0.50000000000000000        0.0000000000000000     
        0.50000000000000000       0.50000000000000000        0.0000000000000000     
         1.0000000000000000       0.50000000000000000        0.0000000000000000     
        0.50000000000000000        1.0000000000000000        0.0000000000000000     

 !NewElementMapDefinition
           6           6
         0.0000000000000000        0.0000000000000000        0.0000000000000000     
         1.0000000000000000        0.0000000000000000        0.0000000000000000     
         0.0000000000000000        1.0000000000000000        0.0000000000000000     
         1.0000000000000000        1.0000000000000000        0.0000000000000000     
        0.50000000000000000        0.0000000000000000        0.0000000000000000     
         0.0000000000000000       0.50000000000000000        0.0000000000000000     
        0.50000000000000000       0.50000000000000000        0.0000000000000000     
         1.0000000000000000       0.50000000000000000        0.0000000000000000     
        0.50000000000000000        1.0000000000000000        0.0000000000000000     

 !NewElementMapDefinition
           7           7
         0.0000000000000000        0.0000000000000000        0.0000000000000000     
         1.0000000000000000        0.0000000000000000        0.0000000000000000     
         0.0000000000000000        1.0000000000000000        0.0000000000000000     
         1.0000000000000000        1.0000000000000000        0.0000000000000000     
        0.50000000000000000        0.0000000000000000        0.0000000000000000     
         0.0000000000000000       0.50000000000000000        0.0000000000000000     
        0.50000000000000000       0.50000000000000000        0.0000000000000000     
         1.0000000000000000       0.50000000000000000        0.0000000000000000     
        0.50000000000000000        1.0000000000000000        0.0000000000000000     

 !NewElementMapDefinition
           8           8
         0.0000000000000000        0.0000000000000000        0.0000000000000000     
         1.0000000000000000        0.0000000000000000        0.0000000000000000     
         0.0000000000000000        1.0000000000000000        0.0000000000000000     
         1.0000000000000000        1.0000000000000000        0.0000000000000000     
        0.50000000000000000        0.0000000000000000        0.0000000000000000     
         0.0000000000000000       0.50000000000000000        0.0000000000000000     
        0.50000000000000000       0.50000000000000000        0.0000000000000000     
         1.0000000000000000       0.50000000000000000        0.0000000000000000     
        0.50000000000000000        1.0000000000000000        0.0000000000000000     

 !NewElementMapDefinition
           9           9
         0.0000000000000000        0.0000000000000000        0.0000000000000000     
         1.0000000000000000        0.0000000000000000        0.0000000000000000     
         0.0000000000000000        1.0000000000000000        0.0000000000000000     
         1.0000000000000000        1.0000000000000000        0.0000000000000000     
        0.50000000000000000        0.0000000000000000        0.0000000000000000     
         0.0000000000000000       0.50000000000000000        0.0000000000000000     
        0.50000000000000000       0.50000000000000000        0.0000000000000000     
         1.0000000000000000       0.50000000000000000        0.0000000000000000     
        0.50000000000000000        1.0000000000000000        0.0000000000000000     

 !NewElementMapDefinition
          10          10
         0.0000000000000000        0.0000000000000000        0.0000000000000000     
         1.0000000000000000        0.0000000000000000        0.0000000000000000     
         0.0000000000000000        1.0000000000000000        0.0000000000000000     
         1.0000000000000000        1.0000000000000000        0.0000000000000000     
        0.50000000000000000        0.0000000000000000        0.0000000000000000     
         0.0000000000000000       0.50000000000000000        0.0000000000000000     
        0.50000000000000000       0.50000000000000000        0.0000000000000000     
         1.0000000000000000       0.50000000000000000        0.0000000000000000     
        0.50000000000000000        1.0000000000000000        0.0000000000000000     

 !NewElementMapDefinition
          11          11
         0.0000000000000000        0.0000000000000000        0.0000000000000000     
         1.0000000000000000        0.0000000000000000        0.0000000000000000     
         0.0000000000000000        1.0000000000000000        0.0000000000000000     
         1.0000000000000000        1.0000000000000000        0.0000000000000000     
        0.50000000000000000        0.0000000000000000        0.0000000000000000     
         0.0000000000000000       0.50000000000000000        0.0000000000000000     
        0.50000000000000000       0.50000000000000000        0.0000000000000000     
         1.0000000000000000       0.50000000000000000        0.0000000000000000     
        0.50000000000000000        1.0000000000000000        0.0000000000000000     

 !NewElementMapDefinition
          12          12
         0.0000000000000000        0.0000000000000000        0.0000000000000000     
         1.0000000000000000        0.0000000000000000        0.0000000000000000     
         0.0000000000000000        1.0000000000000000        0.0000000000000000     
         1.0000000000000000        1.0000000000000000        0.0000000000000000     
        0.50000000000000000        0.0000000000000000        0.0000000000000000     
         0.0000000000000000       0.50000000000000000        0.0000000000000000     
        0.50000000000000000       0.50000000000000000        0.0000000000000000     
         1.0000000000000000       0.50000000000000000        0.0000000000000000     
        0.50000000000000000        1.0000000000000000        0.0000000000000000     

 !NewElementMapDefinition
          13          13
         0.0000000000000000        0.0000000000000000        0.0000000000000000     
         1.0000000000000000        0.0000000000000000        0.0000000000000000     
         0.0000000000000000        1.0000000000000000        0.0000000000000000     
         1.0000000000000000        1.0000000000000000        0.0000000000000000     
        0.50000000000000000        0.0000000000000000        0.0000000000000000     
         0.0000000000000000       0.50000000000000000        0.0000000000000000     
        0.50000000000000000       0.50000000000000000        0.0000000000000000     
         1.0000000000000000       0.50000000000000000        0.0000000000000000     
        0.50000000000000000        1.0000000000000000        0.0000000000000000     

 !NewElementMapDefinition
          14          14
         0.0000000000000000        0.0000000000000000        0.0000000000000000     
         1.0000000000000000        0.0000000000000000        0.0000000000000000     
         0.0000000000000000        1.0000000000000000        0.0000000000000000     
         1.0000000000000000        1.0000000000000000        0.0000000000000000     
        0.50000000000000000        0.0000000000000000        0.0000000000000000     
         0.0000000000000000       0.50000000000000000        0.0000000000000000     
        0.50000000000000000       0.50000000000000000        0.0000000000000000     
         1.0000000000000000       0.50000000000000000        0.0000000000000000     
        0.50000000000000000        1.0000000000000000        0.0000000000000000     

 !NewElementMapDefinition
          15          15
         0.0000000000000000        0.0000000000000000        0.0000000000000000     
         1.0000000000000000        0.0000000000000000        0.0000000000000000     
         0.0000000000000000        1.0000000000000000        0.0000000000000000     
         1.0000000000000000        1.0000000000000000        0.0000000000000000     
        0.50000000000000000        0.0000000000000000        0.0000000000000000     
         0.0000000000000000       0.50000000000000000        0.0000000000000000     
        0.50000000000000000       0.50000000000000000        0.0000000000000000     
         1.0000000000000000       0.50000000000000000        0.0000000000000000     
        0.50000000000000000        1.0000000000000000        0.0000000000000000     

 !NewElementMapDefinition
          16          16
         0.0000000000000000        0.0000000000000000        0.0000000000000000     
         1.0000000000000000        0.0000000000000000        0.0000000000000000     
         0.0000000000000000        1.0000000000000000        0.0000000000000000     
         1.0000000000000000        1.0000000000000000        0.0000000000000000     
        0.50000000000000000        0.0000000000000000        0.0000000000000000     
         0.0000000000000000       0.50000000000000000        0.0000000000000000     
        0.50000000000000000       0.50000000000000000        0.0000000000000000     
         1.0000000000000000       0.50000000000000000        0.0000000000000000     
        0.50000000000000000        1.0000000000000000        0.0000000000000000     

 !NewElementMapDefinition
          17          17
         0.0000000000000000        0.0000000000000000        0.0000000000000000     
         1.0000000000000000        0.0000000000000000        0.0000000000000000     
         0.0000000000000000        1.0000000000000000        0.0000000000000000     
         1.0000000000000000        1.0000000000000000        0.0000000000000000     
        0.50000000000000000        0.0000000000000000        0.0000000000000000     
         0.0000000000000000       0.50000000000000000        0.0000000000000000     
        0.50000000000000000       0.50000000000000000        0.0000000000000000     
         1.0000000000000000       0.50000000000000000        0.0000000000000000     
        0.50000000000000000        1.0000000000000000        0.0000000000000000     

 !NewElementMapDefinition
          18          18
         0.0000000000000000        0.0000000000000000        0.0000000000000000     
         1.0000000000000000        0.0000000000000000        0.0000000000000000     
         0.0000000000000000        1.0000000000000000        0.0000000000000000     
         1.0000000000000000        1.0000000000000000        0.0000000000000000     
        0.50000000000000000        0.0000000000000000        0.0000000000000000     
         0.0000000000000000       0.50000000000000000        0.0000000000000000     
        0.50000000000000000       0.50000000000000000        0.0000000000000000     
         1.0000000000000000       0.50000000000000000        0.0000000000000000     
        0.50000000000000000        1.0000000000000000        0.0000000000000000     

 !NewElementMapDefinition
          19          19
         0.0000000000000000        0.0000000000000000        0.0000000000000000     
         1.0000000000000000        0.0000000000000000        0.0000000000000000     
         0.0000000000000000        1.0000000000000000        0.0000000000000000     
         1.0000000000000000        1.0000000000000000        0.0000000000000000     
        0.50000000000000000        0.0000000000000000        0.0000000000000000     
         0.0000000000000000       0.50000000000000000        0.0000000000000000     
        0.50000000000000000       0.50000000000000000        0.0000000000000000     
         1.0000000000000000       0.50000000000000000        0.0000000000000000     
        0.50000000000000000        1.0000000000000000        0.0000000000000000     

 !NewElementMapDefinition
          20          20
         0.0000000000000000        0.0000000000000000        0.0000000000000000     
         1.0000000000000000        0.0000000000000000        0.0000000000000000     
         0.0000000000000000        1.0000000000000000        0.0000000000000000     
         1.0000000000000000        1.0000000000000000        0.0000000000000000     
        0.50000000000000000        0.0000000000000000        0.0000000000000000     
         0.0000000000000000       0.50000000000000000        0.0000000000000000     
        0.50000000000000000       0.50000000000000000        0.0000000000000000     
         1.0000000000000000       0.50000000000000000        0.0000000000000000     
        0.50000000000000000        1.0000000000000000        0.0000000000000000     

 !NewElementMapDefinition
          21          21
         0.0000000000000000        0.0000000000000000        0.0000000000000000     
         1.0000000000000000        0.0000000000000000        0.0000000000000000     
         0.0000000000000000        1.0000000000000000        0.0000000000000000     
         1.0000000000000000        1.0000000000000000        0.0000000000000000     
        0.50000000000000000        0.0000000000000000        0.0000000000000000     
         0.0000000000000000       0.50000000000000000        0.0000000000000000     
        0.50000000000000000       0.50000000000000000        0.0000000000000000     
         1.0000000000000000       0.50000000000000000        0.0000000000000000     
        0.50000000000000000        1.0000000000000000        0.0000000000000000     

 !NewElementMapDefinition
          22          22
         0.0000000000000000        0.0000000000000000        0.0000000000000000     
         1.0000000000000000        0.0000000000000000        0.0000000000000000     
         0.0000000000000000        1.0000000000000000        0.0000000000000000     
         1.0000000000000000        1.0000000000000000        0.0000000000000000     
        0.50000000000000000        0.0000000000000000        0.0000000000000000     
         0.0000000000000000       0.50000000000000000        0.0000000000000000     
        0.50000000000000000       0.50000000000000000        0.0000000000000000     
         1.0000000000000000       0.50000000000000000        0.0000000000000000     
        0.50000000000000000        1.0000000000000000        0.0000000000000000     

 !NewElementMapDefinition
          23          23
         0.0000000000000000        0.0000000000000000        0.0000000000000000     
         1.0000000000000000        0.0000000000000000        0.0000000000000000     
         0.0000000000000000        1.0000000000000000        0.0000000000000000     
         1.0000000000000000        1.0000000000000000        0.0000000000000000     
        0.50000000000000000        0.0000000000000000        0.0000000000000000     
         0.0000000000000000       0.50000000000000000        0.0000000000000000     
        0.50000000000000000       0.50000000000000000        0.0000000000000000     
         1.0000000000000000       0.50000000000000000        0.0000000000000000     
        0.50000000000000000        1.0000000000000000        0.0000000000000000     

 !NewElementMapDefinition
          24          24
         0.0000000000000000        0.0000000000000000        0.0000000000000000     
         1.0000000000000000        0.0000000000000000        0.0000000000000000     
         0.0000000000000000        1.0000000000000000        0.0000000000000000     
         1.0000000000000000        1.0000000000000000        0.0000000000000000     
        0.50000000000000000        0.0000000000000000        0.0000000000000000     
         0.0000000000000000       0.50000000000000000        0.0000000000000000     
        0.50000000000000000       0.50000000000000000        0.0000000000000000     
         1.0000000000000000       0.50000000000000000        0.0000000000000000     
        0.50000000000000000        1.0000000000000000        0.0000000000000000     

 !NewElementMapDefinition
          25          25
         0.0000000000000000        0.0000000000000000        0.0000000000000000     
         1.0000000000000000        0.0000000000000000        0.0000000000000000     
         0.0000000000000000        1.0000000000000000        0.0000000000000000     
         1.0000000000000000        1.0000000000000000        0.0000000000000000     
        0.50000000000000000        0.0000000000000000        0.0000000000000000     
         0.0000000000000000       0.50000000000000000        0.0000000000000000     
        0.50000000000000000       0.50000000000000000        0.0000000000000000     
         1.0000000000000000       0.50000000000000000        0.0000000000000000     
        0.50000000000000000        1.0000000000000000        0.0000000000000000     

 !NewElementMapDefinition
          26          26
         0.0000000000000000        0.0000000000000000        0.0000000000000000     
         1.0000000000000000        0.0000000000000000        0.0000000000000000     
         0.0000000000000000        1.0000000000000000        0.0000000000000000     
         1.0000000000000000        1.0000000000000000        0.0000000000000000     
        0.50000000000000000        0.0000000000000000        0.0000000000000000     
         0.0000000000000000       0.50000000000000000        0.0000000000000000     
        0.50000000000000000       0.50000000000000000        0.0000000000000000     
         1.0000000000000000       0.50000000000000000        0.0000000000000000     
        0.50000000000000000        1.0000000000000000        0.0000000000000000     

 !NewElementMapDefinition
          27          27
         0.0000000000000000        0.0000000000000000        0.0000000000000000     
         1.0000000000000000        0.0000000000000000        0.0000000000000000     
         0.0000000000000000        1.0000000000000000        0.0000000000000000     
         1.0000000000000000        1.0000000000000000        0.0000000000000000     
        0.50000000000000000        0.0000000000000000        0.0000000000000000     
         0.0000000000000000       0.50000000000000000        0.0000000000000000     
        0.50000000000000000       0.50000000000000000        0.0000000000000000     
         1.0000000000000000       0.50000000000000000        0.0000000000000000     
        0.50000000000000000        1.0000000000000000        0.0000000000000000     

 !NewElementMapDefinition
          28          28
         0.0000000000000000        0.0000000000000000        0.0000000000000000     
         1.0000000000000000        0.0000000000000000        0.0000000000000000     
         0.0000000000000000        1.0000000000000000        0.0000000000000000     
         1.0000000000000000        1.0000000000000000        0.0000000000000000     
        0.50000000000000000        0.0000000000000000        0.0000000000000000     
         0.0000000000000000       0.50000000000000000        0.0000000000000000     
        0.50000000000000000       0.50000000000000000        0.0000000000000000     
         1.0000000000000000       0.50000000000000000        0.0000000000000000     
        0.50000000000000000        1.0000000000000000        0.0000000000000000     

 !NewElementMapDefinition
          29          29
         0.0000000000000000        0.0000000000000000        0.0000000000000000     
         1.0000000000000000        0.0000000000000000        0.0000000000000000     
         0.0000000000000000        1.0000000000000000        0.0000000000000000     
         1.0000000000000000        1.0000000000000000        0.0000000000000000     
        0.50000000000000000        0.0000000000000000        0.0000000000000000     
         0.0000000000000000       0.50000000000000000        0.0000000000000000     
        0.50000000000000000       0.50000000000000000        0.0000000000000000     
         1.0000000000000000       0.50000000000000000        0.0000000000000000     
        0.50000000000000000        1.0000000000000000        0.0000000000000000     

 !NewElementMapDefinition
          30          30
         0.0000000000000000        0.0000000000000000        0.0000000000000000     
         1.0000000000000000        0.0000000000000000        0.0000000000000000     
         0.0000000000000000        1.0000000000000000        0.0000000000000000     
         1.0000000000000000        1.0000000000000000        0.0000000000000000     
        0.50000000000000000        0.0000000000000000        0.0000000000000000     
         0.0000000000000000       0.50000000000000000        0.0000000000000000     
        0.50000000000000000       0.50000000000000000        0.0000000000000000     
         1.0000000000000000       0.50000000000000000        0.0000000000000000     
        0.50000000000000000        1.0000000000000000        0.0000000000000000     

 !NewElementMapDefinition
          31          31
         0.0000000000000000        0.0000000000000000        0.0000000000000000     
         1.0000000000000000        0.0000000000000000        0.0000000000000000     
         0.0000000000000000        1.0000000000000000        0.0000000000000000     
         1.0000000000000000        1.0000000000000000        0.0000000000000000     
        0.50000000000000000        0.0000000000000000        0.0000000000000000     
         0.0000000000000000       0.50000000000000000        0.0000000000000000     
        0.50000000000000000       0.50000000000000000        0.0000000000000000     
         1.0000000000000000       0.50000000000000000        0.0000000000000000     
        0.50000000000000000        1.0000000000000000        0.0000000000000000     

 !NewElementMapDefinition
          32          32
         0.0000000000000000        0.0000000000000000        0.0000000000000000     
         1.0000000000000000        0.0000000000000000        0.0000000000000000     
         0.0000000000000000        1.0000000000000000        0.0000000000000000     
         1.0000000000000000        1.0000000000000000        0.0000000000000000     
        0.50000000000000000        0.0000000000000000        0.0000000000000000     
         0.0000000000000000       0.50000000000000000        0.0000000000000000     
        0.50000000000000000       0.50000000000000000        0.0000000000000000     
         1.0000000000000000       0.50000000000000000        0.0000000000000000     
        0.50000000000000000        1.0000000000000000        0.0000000000000000     
