 !FromTopology={TPOutlet}

 !ToTopology={TPLin}


 !NewElementMapDefinition
           1       99059
         0.0000000000000000        0.0000000000000000        0.0000000000000000     
         0.0000000000000000        1.0000000000000000        0.0000000000000000     
         0.0000000000000000        0.0000000000000000        1.0000000000000000     

 !NewElementMapDefinition
           2       98952
         0.0000000000000000        0.0000000000000000        0.0000000000000000     
         1.0000000000000000        0.0000000000000000        0.0000000000000000     
         0.0000000000000000        1.0000000000000000        0.0000000000000000     

 !NewElementMapDefinition
           3       98954
         0.0000000000000000        0.0000000000000000        0.0000000000000000     
         1.0000000000000000        0.0000000000000000        0.0000000000000000     
         0.0000000000000000        0.0000000000000000        1.0000000000000000     

 !NewElementMapDefinition
           4       98958
         0.0000000000000000        0.0000000000000000        0.0000000000000000     
         1.0000000000000000        0.0000000000000000        0.0000000000000000     
         0.0000000000000000        1.0000000000000000        0.0000000000000000     

 !NewElementMapDefinition
           5       99124
         0.0000000000000000        0.0000000000000000        0.0000000000000000     
         1.0000000000000000        0.0000000000000000        0.0000000000000000     
         0.0000000000000000        1.0000000000000000        0.0000000000000000     

 !NewElementMapDefinition
           6       99556
         0.0000000000000000        0.0000000000000000        0.0000000000000000     
         1.0000000000000000        0.0000000000000000        0.0000000000000000     
         0.0000000000000000        1.0000000000000000        0.0000000000000000     

 !NewElementMapDefinition
           7      129150
         0.0000000000000000        0.0000000000000000        0.0000000000000000     
         0.0000000000000000        1.0000000000000000        0.0000000000000000     
         0.0000000000000000        0.0000000000000000        1.0000000000000000     

 !NewElementMapDefinition
           8      109448
         0.0000000000000000        0.0000000000000000        0.0000000000000000     
         1.0000000000000000        0.0000000000000000        0.0000000000000000     
         0.0000000000000000        1.0000000000000000        0.0000000000000000     

 !NewElementMapDefinition
           9      128265
         1.0000000000000000        0.0000000000000000        0.0000000000000000     
         0.0000000000000000        1.0000000000000000        0.0000000000000000     
         0.0000000000000000        0.0000000000000000        1.0000000000000000     

 !NewElementMapDefinition
          10       99422
         0.0000000000000000        0.0000000000000000        0.0000000000000000     
         1.0000000000000000        0.0000000000000000        0.0000000000000000     
         0.0000000000000000        1.0000000000000000        0.0000000000000000     

 !NewElementMapDefinition
          11      129156
         0.0000000000000000        0.0000000000000000        0.0000000000000000     
         1.0000000000000000        0.0000000000000000        0.0000000000000000     
         0.0000000000000000        0.0000000000000000        1.0000000000000000     

 !NewElementMapDefinition
          12      110009
         0.0000000000000000        0.0000000000000000        0.0000000000000000     
         1.0000000000000000        0.0000000000000000        0.0000000000000000     
         0.0000000000000000        1.0000000000000000        0.0000000000000000     

 !NewElementMapDefinition
          13       99088
         0.0000000000000000        0.0000000000000000        0.0000000000000000     
         1.0000000000000000        0.0000000000000000        0.0000000000000000     
         0.0000000000000000        1.0000000000000000        0.0000000000000000     

 !NewElementMapDefinition
          14      109456
         0.0000000000000000        0.0000000000000000        0.0000000000000000     
         1.0000000000000000        0.0000000000000000        0.0000000000000000     
         0.0000000000000000        1.0000000000000000        0.0000000000000000     

 !NewElementMapDefinition
          15        1651
         0.0000000000000000        0.0000000000000000        0.0000000000000000     
         1.0000000000000000        0.0000000000000000        0.0000000000000000     
         0.0000000000000000        0.0000000000000000        1.0000000000000000     

 !NewElementMapDefinition
          16        1652
         0.0000000000000000        0.0000000000000000        0.0000000000000000     
         0.0000000000000000        1.0000000000000000        0.0000000000000000     
         0.0000000000000000        0.0000000000000000        1.0000000000000000     

 !NewElementMapDefinition
          17        1654
         1.0000000000000000        0.0000000000000000        0.0000000000000000     
         0.0000000000000000        1.0000000000000000        0.0000000000000000     
         0.0000000000000000        0.0000000000000000        1.0000000000000000     

 !NewElementMapDefinition
          18        1655
         0.0000000000000000        0.0000000000000000        0.0000000000000000     
         0.0000000000000000        1.0000000000000000        0.0000000000000000     
         0.0000000000000000        0.0000000000000000        1.0000000000000000     

 !NewElementMapDefinition
          19        1735
         0.0000000000000000        0.0000000000000000        0.0000000000000000     
         0.0000000000000000        1.0000000000000000        0.0000000000000000     
         0.0000000000000000        0.0000000000000000        1.0000000000000000     

 !NewElementMapDefinition
          20        1736
         0.0000000000000000        0.0000000000000000        0.0000000000000000     
         0.0000000000000000        1.0000000000000000        0.0000000000000000     
         0.0000000000000000        0.0000000000000000        1.0000000000000000     

 !NewElementMapDefinition
          21        1738
         1.0000000000000000        0.0000000000000000        0.0000000000000000     
         0.0000000000000000        1.0000000000000000        0.0000000000000000     
         0.0000000000000000        0.0000000000000000        1.0000000000000000     

 !NewElementMapDefinition
          22        1739
         0.0000000000000000        0.0000000000000000        0.0000000000000000     
         0.0000000000000000        1.0000000000000000        0.0000000000000000     
         0.0000000000000000        0.0000000000000000        1.0000000000000000     

 !NewElementMapDefinition
          23        1747
         1.0000000000000000        0.0000000000000000        0.0000000000000000     
         0.0000000000000000        1.0000000000000000        0.0000000000000000     
         0.0000000000000000        0.0000000000000000        1.0000000000000000     

 !NewElementMapDefinition
          24        1748
         0.0000000000000000        0.0000000000000000        0.0000000000000000     
         0.0000000000000000        1.0000000000000000        0.0000000000000000     
         0.0000000000000000        0.0000000000000000        1.0000000000000000     

 !NewElementMapDefinition
          25        1750
         1.0000000000000000        0.0000000000000000        0.0000000000000000     
         0.0000000000000000        1.0000000000000000        0.0000000000000000     
         0.0000000000000000        0.0000000000000000        1.0000000000000000     

 !NewElementMapDefinition
          26        1751
         0.0000000000000000        0.0000000000000000        0.0000000000000000     
         0.0000000000000000        1.0000000000000000        0.0000000000000000     
         0.0000000000000000        0.0000000000000000        1.0000000000000000     

 !NewElementMapDefinition
          27        1789
         0.0000000000000000        0.0000000000000000        0.0000000000000000     
         0.0000000000000000        1.0000000000000000        0.0000000000000000     
         0.0000000000000000        0.0000000000000000        1.0000000000000000     

 !NewElementMapDefinition
          28        1790
         0.0000000000000000        0.0000000000000000        0.0000000000000000     
         0.0000000000000000        1.0000000000000000        0.0000000000000000     
         0.0000000000000000        0.0000000000000000        1.0000000000000000     

 !NewElementMapDefinition
          29        1792
         1.0000000000000000        0.0000000000000000        0.0000000000000000     
         0.0000000000000000        1.0000000000000000        0.0000000000000000     
         0.0000000000000000        0.0000000000000000        1.0000000000000000     

 !NewElementMapDefinition
          30        1793
         0.0000000000000000        0.0000000000000000        0.0000000000000000     
         0.0000000000000000        1.0000000000000000        0.0000000000000000     
         0.0000000000000000        0.0000000000000000        1.0000000000000000     

 !NewElementMapDefinition
          31        1807
         0.0000000000000000        0.0000000000000000        0.0000000000000000     
         0.0000000000000000        1.0000000000000000        0.0000000000000000     
         0.0000000000000000        0.0000000000000000        1.0000000000000000     

 !NewElementMapDefinition
          32        1808
         0.0000000000000000        0.0000000000000000        0.0000000000000000     
         0.0000000000000000        1.0000000000000000        0.0000000000000000     
         0.0000000000000000        0.0000000000000000        1.0000000000000000     

 !NewElementMapDefinition
          33        1810
         1.0000000000000000        0.0000000000000000        0.0000000000000000     
         0.0000000000000000        1.0000000000000000        0.0000000000000000     
         0.0000000000000000        0.0000000000000000        1.0000000000000000     

 !NewElementMapDefinition
          34        1811
         0.0000000000000000        0.0000000000000000        0.0000000000000000     
         0.0000000000000000        1.0000000000000000        0.0000000000000000     
         0.0000000000000000        0.0000000000000000        1.0000000000000000     

 !NewElementMapDefinition
          35        1837
         0.0000000000000000        0.0000000000000000        0.0000000000000000     
         1.0000000000000000        0.0000000000000000        0.0000000000000000     
         0.0000000000000000        0.0000000000000000        1.0000000000000000     

 !NewElementMapDefinition
          36        1838
         0.0000000000000000        0.0000000000000000        0.0000000000000000     
         0.0000000000000000        1.0000000000000000        0.0000000000000000     
         0.0000000000000000        0.0000000000000000        1.0000000000000000     

 !NewElementMapDefinition
          37        1840
         1.0000000000000000        0.0000000000000000        0.0000000000000000     
         0.0000000000000000        1.0000000000000000        0.0000000000000000     
         0.0000000000000000        0.0000000000000000        1.0000000000000000     

 !NewElementMapDefinition
          38        1841
         0.0000000000000000        0.0000000000000000        0.0000000000000000     
         0.0000000000000000        1.0000000000000000        0.0000000000000000     
         0.0000000000000000        0.0000000000000000        1.0000000000000000     

 !NewElementMapDefinition
          39        1843
         0.0000000000000000        0.0000000000000000        0.0000000000000000     
         1.0000000000000000        0.0000000000000000        0.0000000000000000     
         0.0000000000000000        0.0000000000000000        1.0000000000000000     

 !NewElementMapDefinition
          40        1844
         0.0000000000000000        0.0000000000000000        0.0000000000000000     
         0.0000000000000000        1.0000000000000000        0.0000000000000000     
         0.0000000000000000        0.0000000000000000        1.0000000000000000     

 !NewElementMapDefinition
          41        1846
         1.0000000000000000        0.0000000000000000        0.0000000000000000     
         0.0000000000000000        1.0000000000000000        0.0000000000000000     
         0.0000000000000000        0.0000000000000000        1.0000000000000000     

 !NewElementMapDefinition
          42        1847
         0.0000000000000000        0.0000000000000000        0.0000000000000000     
         0.0000000000000000        1.0000000000000000        0.0000000000000000     
         0.0000000000000000        0.0000000000000000        1.0000000000000000     

 !NewElementMapDefinition
          43        1879
         0.0000000000000000        0.0000000000000000        0.0000000000000000     
         1.0000000000000000        0.0000000000000000        0.0000000000000000     
         0.0000000000000000        0.0000000000000000        1.0000000000000000     

 !NewElementMapDefinition
          44        1880
         0.0000000000000000        0.0000000000000000        0.0000000000000000     
         0.0000000000000000        1.0000000000000000        0.0000000000000000     
         0.0000000000000000        0.0000000000000000        1.0000000000000000     

 !NewElementMapDefinition
          45        1882
         1.0000000000000000        0.0000000000000000        0.0000000000000000     
         0.0000000000000000        1.0000000000000000        0.0000000000000000     
         0.0000000000000000        0.0000000000000000        1.0000000000000000     

 !NewElementMapDefinition
          46        1883
         0.0000000000000000        0.0000000000000000        0.0000000000000000     
         0.0000000000000000        1.0000000000000000        0.0000000000000000     
         0.0000000000000000        0.0000000000000000        1.0000000000000000     

 !NewElementMapDefinition
          47        1891
         0.0000000000000000        0.0000000000000000        0.0000000000000000     
         1.0000000000000000        0.0000000000000000        0.0000000000000000     
         0.0000000000000000        0.0000000000000000        1.0000000000000000     

 !NewElementMapDefinition
          48        1892
         0.0000000000000000        0.0000000000000000        0.0000000000000000     
         0.0000000000000000        1.0000000000000000        0.0000000000000000     
         0.0000000000000000        0.0000000000000000        1.0000000000000000     

 !NewElementMapDefinition
          49        1894
         1.0000000000000000        0.0000000000000000        0.0000000000000000     
         0.0000000000000000        1.0000000000000000        0.0000000000000000     
         0.0000000000000000        0.0000000000000000        1.0000000000000000     

 !NewElementMapDefinition
          50        1895
         0.0000000000000000        0.0000000000000000        0.0000000000000000     
         0.0000000000000000        1.0000000000000000        0.0000000000000000     
         0.0000000000000000        0.0000000000000000        1.0000000000000000     

 !NewElementMapDefinition
          51        1897
         0.0000000000000000        0.0000000000000000        0.0000000000000000     
         1.0000000000000000        0.0000000000000000        0.0000000000000000     
         0.0000000000000000        0.0000000000000000        1.0000000000000000     

 !NewElementMapDefinition
          52        1898
         0.0000000000000000        0.0000000000000000        0.0000000000000000     
         0.0000000000000000        1.0000000000000000        0.0000000000000000     
         0.0000000000000000        0.0000000000000000        1.0000000000000000     

 !NewElementMapDefinition
          53        1900
         1.0000000000000000        0.0000000000000000        0.0000000000000000     
         0.0000000000000000        1.0000000000000000        0.0000000000000000     
         0.0000000000000000        0.0000000000000000        1.0000000000000000     

 !NewElementMapDefinition
          54        1901
         0.0000000000000000        0.0000000000000000        0.0000000000000000     
         0.0000000000000000        1.0000000000000000        0.0000000000000000     
         0.0000000000000000        0.0000000000000000        1.0000000000000000     

 !NewElementMapDefinition
          55        1945
         0.0000000000000000        0.0000000000000000        0.0000000000000000     
         1.0000000000000000        0.0000000000000000        0.0000000000000000     
         0.0000000000000000        0.0000000000000000        1.0000000000000000     

 !NewElementMapDefinition
          56        1946
         0.0000000000000000        0.0000000000000000        0.0000000000000000     
         0.0000000000000000        1.0000000000000000        0.0000000000000000     
         0.0000000000000000        0.0000000000000000        1.0000000000000000     

 !NewElementMapDefinition
          57        1948
         1.0000000000000000        0.0000000000000000        0.0000000000000000     
         0.0000000000000000        1.0000000000000000        0.0000000000000000     
         0.0000000000000000        0.0000000000000000        1.0000000000000000     

 !NewElementMapDefinition
          58        1949
         0.0000000000000000        0.0000000000000000        0.0000000000000000     
         0.0000000000000000        1.0000000000000000        0.0000000000000000     
         0.0000000000000000        0.0000000000000000        1.0000000000000000     

 !NewElementMapDefinition
          59        3445
         0.0000000000000000        0.0000000000000000        0.0000000000000000     
         0.0000000000000000        1.0000000000000000        0.0000000000000000     
         0.0000000000000000        0.0000000000000000        1.0000000000000000     

 !NewElementMapDefinition
          60        3446
         0.0000000000000000        0.0000000000000000        0.0000000000000000     
         0.0000000000000000        1.0000000000000000        0.0000000000000000     
         0.0000000000000000        0.0000000000000000        1.0000000000000000     

 !NewElementMapDefinition
          61        3448
         1.0000000000000000        0.0000000000000000        0.0000000000000000     
         0.0000000000000000        1.0000000000000000        0.0000000000000000     
         0.0000000000000000        0.0000000000000000        1.0000000000000000     

 !NewElementMapDefinition
          62        3449
         0.0000000000000000        0.0000000000000000        0.0000000000000000     
         0.0000000000000000        1.0000000000000000        0.0000000000000000     
         0.0000000000000000        0.0000000000000000        1.0000000000000000     

 !NewElementMapDefinition
          63        4321
         1.0000000000000000        0.0000000000000000        0.0000000000000000     
         0.0000000000000000        1.0000000000000000        0.0000000000000000     
         0.0000000000000000        0.0000000000000000        1.0000000000000000     

 !NewElementMapDefinition
          64        4322
         0.0000000000000000        0.0000000000000000        0.0000000000000000     
         0.0000000000000000        1.0000000000000000        0.0000000000000000     
         0.0000000000000000        0.0000000000000000        1.0000000000000000     

 !NewElementMapDefinition
          65        4324
         1.0000000000000000        0.0000000000000000        0.0000000000000000     
         0.0000000000000000        1.0000000000000000        0.0000000000000000     
         0.0000000000000000        0.0000000000000000        1.0000000000000000     

 !NewElementMapDefinition
          66        4325
         0.0000000000000000        0.0000000000000000        0.0000000000000000     
         0.0000000000000000        1.0000000000000000        0.0000000000000000     
         0.0000000000000000        0.0000000000000000        1.0000000000000000     

 !NewElementMapDefinition
          67        6811
         0.0000000000000000        0.0000000000000000        0.0000000000000000     
         1.0000000000000000        0.0000000000000000        0.0000000000000000     
         0.0000000000000000        0.0000000000000000        1.0000000000000000     

 !NewElementMapDefinition
          68        6812
         0.0000000000000000        0.0000000000000000        0.0000000000000000     
         0.0000000000000000        1.0000000000000000        0.0000000000000000     
         0.0000000000000000        0.0000000000000000        1.0000000000000000     

 !NewElementMapDefinition
          69        6814
         1.0000000000000000        0.0000000000000000        0.0000000000000000     
         0.0000000000000000        1.0000000000000000        0.0000000000000000     
         0.0000000000000000        0.0000000000000000        1.0000000000000000     

 !NewElementMapDefinition
          70        6815
         0.0000000000000000        0.0000000000000000        0.0000000000000000     
         0.0000000000000000        1.0000000000000000        0.0000000000000000     
         0.0000000000000000        0.0000000000000000        1.0000000000000000     

 !NewElementMapDefinition
          71        6883
         1.0000000000000000        0.0000000000000000        0.0000000000000000     
         0.0000000000000000        1.0000000000000000        0.0000000000000000     
         0.0000000000000000        0.0000000000000000        1.0000000000000000     

 !NewElementMapDefinition
          72        6884
         0.0000000000000000        0.0000000000000000        0.0000000000000000     
         0.0000000000000000        1.0000000000000000        0.0000000000000000     
         0.0000000000000000        0.0000000000000000        1.0000000000000000     

 !NewElementMapDefinition
          73        6886
         1.0000000000000000        0.0000000000000000        0.0000000000000000     
         0.0000000000000000        1.0000000000000000        0.0000000000000000     
         0.0000000000000000        0.0000000000000000        1.0000000000000000     

 !NewElementMapDefinition
          74        6887
         0.0000000000000000        0.0000000000000000        0.0000000000000000     
         0.0000000000000000        1.0000000000000000        0.0000000000000000     
         0.0000000000000000        0.0000000000000000        1.0000000000000000     

 !NewElementMapDefinition
          75        9853
         0.0000000000000000        0.0000000000000000        0.0000000000000000     
         0.0000000000000000        1.0000000000000000        0.0000000000000000     
         0.0000000000000000        0.0000000000000000        1.0000000000000000     

 !NewElementMapDefinition
          76        9854
         0.0000000000000000        0.0000000000000000        0.0000000000000000     
         0.0000000000000000        1.0000000000000000        0.0000000000000000     
         0.0000000000000000        0.0000000000000000        1.0000000000000000     

 !NewElementMapDefinition
          77        9856
         1.0000000000000000        0.0000000000000000        0.0000000000000000     
         0.0000000000000000        1.0000000000000000        0.0000000000000000     
         0.0000000000000000        0.0000000000000000        1.0000000000000000     

 !NewElementMapDefinition
          78        9857
         0.0000000000000000        0.0000000000000000        0.0000000000000000     
         0.0000000000000000        1.0000000000000000        0.0000000000000000     
         0.0000000000000000        0.0000000000000000        1.0000000000000000     

 !NewElementMapDefinition
          79       14131
         1.0000000000000000        0.0000000000000000        0.0000000000000000     
         0.0000000000000000        1.0000000000000000        0.0000000000000000     
         0.0000000000000000        0.0000000000000000        1.0000000000000000     

 !NewElementMapDefinition
          80       14132
         0.0000000000000000        0.0000000000000000        0.0000000000000000     
         0.0000000000000000        1.0000000000000000        0.0000000000000000     
         0.0000000000000000        0.0000000000000000        1.0000000000000000     

 !NewElementMapDefinition
          81       14134
         1.0000000000000000        0.0000000000000000        0.0000000000000000     
         0.0000000000000000        1.0000000000000000        0.0000000000000000     
         0.0000000000000000        0.0000000000000000        1.0000000000000000     

 !NewElementMapDefinition
          82       14135
         0.0000000000000000        0.0000000000000000        0.0000000000000000     
         0.0000000000000000        1.0000000000000000        0.0000000000000000     
         0.0000000000000000        0.0000000000000000        1.0000000000000000     

 !NewElementMapDefinition
          83       14161
         1.0000000000000000        0.0000000000000000        0.0000000000000000     
         0.0000000000000000        1.0000000000000000        0.0000000000000000     
         0.0000000000000000        0.0000000000000000        1.0000000000000000     

 !NewElementMapDefinition
          84       14162
         0.0000000000000000        0.0000000000000000        0.0000000000000000     
         0.0000000000000000        1.0000000000000000        0.0000000000000000     
         0.0000000000000000        0.0000000000000000        1.0000000000000000     

 !NewElementMapDefinition
          85       14164
         1.0000000000000000        0.0000000000000000        0.0000000000000000     
         0.0000000000000000        1.0000000000000000        0.0000000000000000     
         0.0000000000000000        0.0000000000000000        1.0000000000000000     

 !NewElementMapDefinition
          86       14165
         0.0000000000000000        0.0000000000000000        0.0000000000000000     
         0.0000000000000000        1.0000000000000000        0.0000000000000000     
         0.0000000000000000        0.0000000000000000        1.0000000000000000     

 !NewElementMapDefinition
          87       14185
         1.0000000000000000        0.0000000000000000        0.0000000000000000     
         0.0000000000000000        1.0000000000000000        0.0000000000000000     
         0.0000000000000000        0.0000000000000000        1.0000000000000000     

 !NewElementMapDefinition
          88       14186
         0.0000000000000000        0.0000000000000000        0.0000000000000000     
         0.0000000000000000        1.0000000000000000        0.0000000000000000     
         0.0000000000000000        0.0000000000000000        1.0000000000000000     

 !NewElementMapDefinition
          89       14188
         1.0000000000000000        0.0000000000000000        0.0000000000000000     
         0.0000000000000000        1.0000000000000000        0.0000000000000000     
         0.0000000000000000        0.0000000000000000        1.0000000000000000     

 !NewElementMapDefinition
          90       14189
         0.0000000000000000        0.0000000000000000        0.0000000000000000     
         0.0000000000000000        1.0000000000000000        0.0000000000000000     
         0.0000000000000000        0.0000000000000000        1.0000000000000000     

 !NewElementMapDefinition
          91       14233
         0.0000000000000000        0.0000000000000000        0.0000000000000000     
         0.0000000000000000        1.0000000000000000        0.0000000000000000     
         0.0000000000000000        0.0000000000000000        1.0000000000000000     

 !NewElementMapDefinition
          92       14234
         0.0000000000000000        0.0000000000000000        0.0000000000000000     
         0.0000000000000000        1.0000000000000000        0.0000000000000000     
         0.0000000000000000        0.0000000000000000        1.0000000000000000     

 !NewElementMapDefinition
          93       14236
         1.0000000000000000        0.0000000000000000        0.0000000000000000     
         0.0000000000000000        1.0000000000000000        0.0000000000000000     
         0.0000000000000000        0.0000000000000000        1.0000000000000000     

 !NewElementMapDefinition
          94       14237
         0.0000000000000000        0.0000000000000000        0.0000000000000000     
         0.0000000000000000        1.0000000000000000        0.0000000000000000     
         0.0000000000000000        0.0000000000000000        1.0000000000000000     

 !NewElementMapDefinition
          95       14413
         0.0000000000000000        0.0000000000000000        0.0000000000000000     
         0.0000000000000000        1.0000000000000000        0.0000000000000000     
         0.0000000000000000        0.0000000000000000        1.0000000000000000     

 !NewElementMapDefinition
          96       14414
         0.0000000000000000        0.0000000000000000        0.0000000000000000     
         0.0000000000000000        1.0000000000000000        0.0000000000000000     
         0.0000000000000000        0.0000000000000000        1.0000000000000000     

 !NewElementMapDefinition
          97       14416
         1.0000000000000000        0.0000000000000000        0.0000000000000000     
         0.0000000000000000        1.0000000000000000        0.0000000000000000     
         0.0000000000000000        0.0000000000000000        1.0000000000000000     

 !NewElementMapDefinition
          98       14417
         0.0000000000000000        0.0000000000000000        0.0000000000000000     
         0.0000000000000000        1.0000000000000000        0.0000000000000000     
         0.0000000000000000        0.0000000000000000        1.0000000000000000     

 !NewElementMapDefinition
          99       14419
         1.0000000000000000        0.0000000000000000        0.0000000000000000     
         0.0000000000000000        1.0000000000000000        0.0000000000000000     
         0.0000000000000000        0.0000000000000000        1.0000000000000000     

 !NewElementMapDefinition
         100       14420
         0.0000000000000000        0.0000000000000000        0.0000000000000000     
         0.0000000000000000        1.0000000000000000        0.0000000000000000     
         0.0000000000000000        0.0000000000000000        1.0000000000000000     

 !NewElementMapDefinition
         101       14422
         1.0000000000000000        0.0000000000000000        0.0000000000000000     
         0.0000000000000000        1.0000000000000000        0.0000000000000000     
         0.0000000000000000        0.0000000000000000        1.0000000000000000     

 !NewElementMapDefinition
         102       14423
         0.0000000000000000        0.0000000000000000        0.0000000000000000     
         0.0000000000000000        1.0000000000000000        0.0000000000000000     
         0.0000000000000000        0.0000000000000000        1.0000000000000000     

 !NewElementMapDefinition
         103       14437
         0.0000000000000000        0.0000000000000000        0.0000000000000000     
         0.0000000000000000        1.0000000000000000        0.0000000000000000     
         0.0000000000000000        0.0000000000000000        1.0000000000000000     

 !NewElementMapDefinition
         104       14438
         0.0000000000000000        0.0000000000000000        0.0000000000000000     
         0.0000000000000000        1.0000000000000000        0.0000000000000000     
         0.0000000000000000        0.0000000000000000        1.0000000000000000     

 !NewElementMapDefinition
         105       14440
         1.0000000000000000        0.0000000000000000        0.0000000000000000     
         0.0000000000000000        1.0000000000000000        0.0000000000000000     
         0.0000000000000000        0.0000000000000000        1.0000000000000000     

 !NewElementMapDefinition
         106       14441
         0.0000000000000000        0.0000000000000000        0.0000000000000000     
         0.0000000000000000        1.0000000000000000        0.0000000000000000     
         0.0000000000000000        0.0000000000000000        1.0000000000000000     

 !NewElementMapDefinition
         107       18991
         1.0000000000000000        0.0000000000000000        0.0000000000000000     
         0.0000000000000000        1.0000000000000000        0.0000000000000000     
         0.0000000000000000        0.0000000000000000        1.0000000000000000     

 !NewElementMapDefinition
         108       18992
         0.0000000000000000        0.0000000000000000        0.0000000000000000     
         0.0000000000000000        1.0000000000000000        0.0000000000000000     
         0.0000000000000000        0.0000000000000000        1.0000000000000000     

 !NewElementMapDefinition
         109       18994
         1.0000000000000000        0.0000000000000000        0.0000000000000000     
         0.0000000000000000        1.0000000000000000        0.0000000000000000     
         0.0000000000000000        0.0000000000000000        1.0000000000000000     

 !NewElementMapDefinition
         110       18995
         0.0000000000000000        0.0000000000000000        0.0000000000000000     
         0.0000000000000000        1.0000000000000000        0.0000000000000000     
         0.0000000000000000        0.0000000000000000        1.0000000000000000     

 !NewElementMapDefinition
         111       19279
         0.0000000000000000        0.0000000000000000        0.0000000000000000     
         0.0000000000000000        1.0000000000000000        0.0000000000000000     
         0.0000000000000000        0.0000000000000000        1.0000000000000000     

 !NewElementMapDefinition
         112       19280
         0.0000000000000000        0.0000000000000000        0.0000000000000000     
         0.0000000000000000        1.0000000000000000        0.0000000000000000     
         0.0000000000000000        0.0000000000000000        1.0000000000000000     

 !NewElementMapDefinition
         113       19282
         1.0000000000000000        0.0000000000000000        0.0000000000000000     
         0.0000000000000000        1.0000000000000000        0.0000000000000000     
         0.0000000000000000        0.0000000000000000        1.0000000000000000     

 !NewElementMapDefinition
         114       19283
         0.0000000000000000        0.0000000000000000        0.0000000000000000     
         0.0000000000000000        1.0000000000000000        0.0000000000000000     
         0.0000000000000000        0.0000000000000000        1.0000000000000000     

 !NewElementMapDefinition
         115       19297
         0.0000000000000000        0.0000000000000000        0.0000000000000000     
         1.0000000000000000        0.0000000000000000        0.0000000000000000     
         0.0000000000000000        0.0000000000000000        1.0000000000000000     

 !NewElementMapDefinition
         116       19298
         0.0000000000000000        0.0000000000000000        0.0000000000000000     
         0.0000000000000000        1.0000000000000000        0.0000000000000000     
         0.0000000000000000        0.0000000000000000        1.0000000000000000     

 !NewElementMapDefinition
         117       19300
         1.0000000000000000        0.0000000000000000        0.0000000000000000     
         0.0000000000000000        1.0000000000000000        0.0000000000000000     
         0.0000000000000000        0.0000000000000000        1.0000000000000000     

 !NewElementMapDefinition
         118       19301
         0.0000000000000000        0.0000000000000000        0.0000000000000000     
         0.0000000000000000        1.0000000000000000        0.0000000000000000     
         0.0000000000000000        0.0000000000000000        1.0000000000000000     

 !NewElementMapDefinition
         119       19645
         0.0000000000000000        0.0000000000000000        0.0000000000000000     
         0.0000000000000000        1.0000000000000000        0.0000000000000000     
         0.0000000000000000        0.0000000000000000        1.0000000000000000     

 !NewElementMapDefinition
         120       19646
         0.0000000000000000        0.0000000000000000        0.0000000000000000     
         0.0000000000000000        1.0000000000000000        0.0000000000000000     
         0.0000000000000000        0.0000000000000000        1.0000000000000000     

 !NewElementMapDefinition
         121       19648
         1.0000000000000000        0.0000000000000000        0.0000000000000000     
         0.0000000000000000        1.0000000000000000        0.0000000000000000     
         0.0000000000000000        0.0000000000000000        1.0000000000000000     

 !NewElementMapDefinition
         122       19649
         0.0000000000000000        0.0000000000000000        0.0000000000000000     
         0.0000000000000000        1.0000000000000000        0.0000000000000000     
         0.0000000000000000        0.0000000000000000        1.0000000000000000     

 !NewElementMapDefinition
         123       23767
         0.0000000000000000        0.0000000000000000        0.0000000000000000     
         1.0000000000000000        0.0000000000000000        0.0000000000000000     
         0.0000000000000000        0.0000000000000000        1.0000000000000000     

 !NewElementMapDefinition
         124       23768
         0.0000000000000000        0.0000000000000000        0.0000000000000000     
         0.0000000000000000        1.0000000000000000        0.0000000000000000     
         0.0000000000000000        0.0000000000000000        1.0000000000000000     

 !NewElementMapDefinition
         125       23770
         1.0000000000000000        0.0000000000000000        0.0000000000000000     
         0.0000000000000000        1.0000000000000000        0.0000000000000000     
         0.0000000000000000        0.0000000000000000        1.0000000000000000     

 !NewElementMapDefinition
         126       23771
         0.0000000000000000        0.0000000000000000        0.0000000000000000     
         0.0000000000000000        1.0000000000000000        0.0000000000000000     
         0.0000000000000000        0.0000000000000000        1.0000000000000000     

 !NewElementMapDefinition
         127       23839
         0.0000000000000000        0.0000000000000000        0.0000000000000000     
         1.0000000000000000        0.0000000000000000        0.0000000000000000     
         0.0000000000000000        0.0000000000000000        1.0000000000000000     

 !NewElementMapDefinition
         128       23840
         0.0000000000000000        0.0000000000000000        0.0000000000000000     
         0.0000000000000000        1.0000000000000000        0.0000000000000000     
         0.0000000000000000        0.0000000000000000        1.0000000000000000     

 !NewElementMapDefinition
         129       23842
         1.0000000000000000        0.0000000000000000        0.0000000000000000     
         0.0000000000000000        1.0000000000000000        0.0000000000000000     
         0.0000000000000000        0.0000000000000000        1.0000000000000000     

 !NewElementMapDefinition
         130       23843
         0.0000000000000000        0.0000000000000000        0.0000000000000000     
         0.0000000000000000        1.0000000000000000        0.0000000000000000     
         0.0000000000000000        0.0000000000000000        1.0000000000000000     

 !NewElementMapDefinition
         131       23965
         1.0000000000000000        0.0000000000000000        0.0000000000000000     
         0.0000000000000000        1.0000000000000000        0.0000000000000000     
         0.0000000000000000        0.0000000000000000        1.0000000000000000     

 !NewElementMapDefinition
         132       23966
         0.0000000000000000        0.0000000000000000        0.0000000000000000     
         0.0000000000000000        1.0000000000000000        0.0000000000000000     
         0.0000000000000000        0.0000000000000000        1.0000000000000000     

 !NewElementMapDefinition
         133       23968
         1.0000000000000000        0.0000000000000000        0.0000000000000000     
         0.0000000000000000        1.0000000000000000        0.0000000000000000     
         0.0000000000000000        0.0000000000000000        1.0000000000000000     

 !NewElementMapDefinition
         134       23969
         0.0000000000000000        0.0000000000000000        0.0000000000000000     
         0.0000000000000000        1.0000000000000000        0.0000000000000000     
         0.0000000000000000        0.0000000000000000        1.0000000000000000     

 !NewElementMapDefinition
         135       24055
         0.0000000000000000        0.0000000000000000        0.0000000000000000     
         1.0000000000000000        0.0000000000000000        0.0000000000000000     
         0.0000000000000000        0.0000000000000000        1.0000000000000000     

 !NewElementMapDefinition
         136       24056
         0.0000000000000000        0.0000000000000000        0.0000000000000000     
         0.0000000000000000        1.0000000000000000        0.0000000000000000     
         0.0000000000000000        0.0000000000000000        1.0000000000000000     

 !NewElementMapDefinition
         137       24058
         1.0000000000000000        0.0000000000000000        0.0000000000000000     
         0.0000000000000000        1.0000000000000000        0.0000000000000000     
         0.0000000000000000        0.0000000000000000        1.0000000000000000     

 !NewElementMapDefinition
         138       24059
         0.0000000000000000        0.0000000000000000        0.0000000000000000     
         0.0000000000000000        1.0000000000000000        0.0000000000000000     
         0.0000000000000000        0.0000000000000000        1.0000000000000000     

 !NewElementMapDefinition
         139       24061
         0.0000000000000000        0.0000000000000000        0.0000000000000000     
         0.0000000000000000        1.0000000000000000        0.0000000000000000     
         0.0000000000000000        0.0000000000000000        1.0000000000000000     

 !NewElementMapDefinition
         140       24062
         1.0000000000000000        0.0000000000000000        0.0000000000000000     
         0.0000000000000000        1.0000000000000000        0.0000000000000000     
         0.0000000000000000        0.0000000000000000        1.0000000000000000     

 !NewElementMapDefinition
         141       24064
         1.0000000000000000        0.0000000000000000        0.0000000000000000     
         0.0000000000000000        1.0000000000000000        0.0000000000000000     
         0.0000000000000000        0.0000000000000000        1.0000000000000000     

 !NewElementMapDefinition
         142       24065
         1.0000000000000000        0.0000000000000000        0.0000000000000000     
         0.0000000000000000        1.0000000000000000        0.0000000000000000     
         0.0000000000000000        0.0000000000000000        1.0000000000000000     

 !NewElementMapDefinition
         143       32017
         0.0000000000000000        0.0000000000000000        0.0000000000000000     
         0.0000000000000000        1.0000000000000000        0.0000000000000000     
         0.0000000000000000        0.0000000000000000        1.0000000000000000     

 !NewElementMapDefinition
         144       32018
         0.0000000000000000        0.0000000000000000        0.0000000000000000     
         0.0000000000000000        1.0000000000000000        0.0000000000000000     
         0.0000000000000000        0.0000000000000000        1.0000000000000000     

 !NewElementMapDefinition
         145       32020
         1.0000000000000000        0.0000000000000000        0.0000000000000000     
         0.0000000000000000        1.0000000000000000        0.0000000000000000     
         0.0000000000000000        0.0000000000000000        1.0000000000000000     

 !NewElementMapDefinition
         146       32021
         0.0000000000000000        0.0000000000000000        0.0000000000000000     
         0.0000000000000000        1.0000000000000000        0.0000000000000000     
         0.0000000000000000        0.0000000000000000        1.0000000000000000     

 !NewElementMapDefinition
         147       32071
         0.0000000000000000        0.0000000000000000        0.0000000000000000     
         0.0000000000000000        1.0000000000000000        0.0000000000000000     
         0.0000000000000000        0.0000000000000000        1.0000000000000000     

 !NewElementMapDefinition
         148       32072
         0.0000000000000000        0.0000000000000000        0.0000000000000000     
         0.0000000000000000        1.0000000000000000        0.0000000000000000     
         0.0000000000000000        0.0000000000000000        1.0000000000000000     

 !NewElementMapDefinition
         149       32074
         1.0000000000000000        0.0000000000000000        0.0000000000000000     
         0.0000000000000000        1.0000000000000000        0.0000000000000000     
         0.0000000000000000        0.0000000000000000        1.0000000000000000     

 !NewElementMapDefinition
         150       32075
         0.0000000000000000        0.0000000000000000        0.0000000000000000     
         0.0000000000000000        1.0000000000000000        0.0000000000000000     
         0.0000000000000000        0.0000000000000000        1.0000000000000000     

 !NewElementMapDefinition
         151       32449
         0.0000000000000000        0.0000000000000000        0.0000000000000000     
         0.0000000000000000        1.0000000000000000        0.0000000000000000     
         0.0000000000000000        0.0000000000000000        1.0000000000000000     

 !NewElementMapDefinition
         152       32450
         0.0000000000000000        0.0000000000000000        0.0000000000000000     
         0.0000000000000000        1.0000000000000000        0.0000000000000000     
         0.0000000000000000        0.0000000000000000        1.0000000000000000     

 !NewElementMapDefinition
         153       32452
         1.0000000000000000        0.0000000000000000        0.0000000000000000     
         0.0000000000000000        1.0000000000000000        0.0000000000000000     
         0.0000000000000000        0.0000000000000000        1.0000000000000000     

 !NewElementMapDefinition
         154       32453
         0.0000000000000000        0.0000000000000000        0.0000000000000000     
         0.0000000000000000        1.0000000000000000        0.0000000000000000     
         0.0000000000000000        0.0000000000000000        1.0000000000000000     

 !NewElementMapDefinition
         155       32527
         0.0000000000000000        0.0000000000000000        0.0000000000000000     
         1.0000000000000000        0.0000000000000000        0.0000000000000000     
         0.0000000000000000        0.0000000000000000        1.0000000000000000     

 !NewElementMapDefinition
         156       32528
         0.0000000000000000        0.0000000000000000        0.0000000000000000     
         0.0000000000000000        1.0000000000000000        0.0000000000000000     
         0.0000000000000000        0.0000000000000000        1.0000000000000000     

 !NewElementMapDefinition
         157       32530
         1.0000000000000000        0.0000000000000000        0.0000000000000000     
         0.0000000000000000        1.0000000000000000        0.0000000000000000     
         0.0000000000000000        0.0000000000000000        1.0000000000000000     

 !NewElementMapDefinition
         158       32531
         0.0000000000000000        0.0000000000000000        0.0000000000000000     
         0.0000000000000000        1.0000000000000000        0.0000000000000000     
         0.0000000000000000        0.0000000000000000        1.0000000000000000     

 !NewElementMapDefinition
         159       32899
         0.0000000000000000        0.0000000000000000        0.0000000000000000     
         0.0000000000000000        1.0000000000000000        0.0000000000000000     
         0.0000000000000000        0.0000000000000000        1.0000000000000000     

 !NewElementMapDefinition
         160       32900
         0.0000000000000000        0.0000000000000000        0.0000000000000000     
         0.0000000000000000        1.0000000000000000        0.0000000000000000     
         0.0000000000000000        0.0000000000000000        1.0000000000000000     

 !NewElementMapDefinition
         161       32902
         1.0000000000000000        0.0000000000000000        0.0000000000000000     
         0.0000000000000000        1.0000000000000000        0.0000000000000000     
         0.0000000000000000        0.0000000000000000        1.0000000000000000     

 !NewElementMapDefinition
         162       32903
         0.0000000000000000        0.0000000000000000        0.0000000000000000     
         0.0000000000000000        1.0000000000000000        0.0000000000000000     
         0.0000000000000000        0.0000000000000000        1.0000000000000000     

 !NewElementMapDefinition
         163       32905
         1.0000000000000000        0.0000000000000000        0.0000000000000000     
         0.0000000000000000        1.0000000000000000        0.0000000000000000     
         0.0000000000000000        0.0000000000000000        1.0000000000000000     

 !NewElementMapDefinition
         164       32906
         0.0000000000000000        0.0000000000000000        0.0000000000000000     
         0.0000000000000000        1.0000000000000000        0.0000000000000000     
         0.0000000000000000        0.0000000000000000        1.0000000000000000     

 !NewElementMapDefinition
         165       32908
         1.0000000000000000        0.0000000000000000        0.0000000000000000     
         0.0000000000000000        1.0000000000000000        0.0000000000000000     
         0.0000000000000000        0.0000000000000000        1.0000000000000000     

 !NewElementMapDefinition
         166       32909
         0.0000000000000000        0.0000000000000000        0.0000000000000000     
         0.0000000000000000        1.0000000000000000        0.0000000000000000     
         0.0000000000000000        0.0000000000000000        1.0000000000000000     

 !NewElementMapDefinition
         167       33493
         0.0000000000000000        0.0000000000000000        0.0000000000000000     
         0.0000000000000000        1.0000000000000000        0.0000000000000000     
         0.0000000000000000        0.0000000000000000        1.0000000000000000     

 !NewElementMapDefinition
         168       33494
         0.0000000000000000        0.0000000000000000        0.0000000000000000     
         0.0000000000000000        1.0000000000000000        0.0000000000000000     
         0.0000000000000000        0.0000000000000000        1.0000000000000000     

 !NewElementMapDefinition
         169       33496
         1.0000000000000000        0.0000000000000000        0.0000000000000000     
         0.0000000000000000        1.0000000000000000        0.0000000000000000     
         0.0000000000000000        0.0000000000000000        1.0000000000000000     

 !NewElementMapDefinition
         170       33497
         0.0000000000000000        0.0000000000000000        0.0000000000000000     
         0.0000000000000000        1.0000000000000000        0.0000000000000000     
         0.0000000000000000        0.0000000000000000        1.0000000000000000     

 !NewElementMapDefinition
         171       49459
         0.0000000000000000        0.0000000000000000        0.0000000000000000     
         1.0000000000000000        0.0000000000000000        0.0000000000000000     
         0.0000000000000000        0.0000000000000000        1.0000000000000000     

 !NewElementMapDefinition
         172       49460
         0.0000000000000000        0.0000000000000000        0.0000000000000000     
         0.0000000000000000        1.0000000000000000        0.0000000000000000     
         0.0000000000000000        0.0000000000000000        1.0000000000000000     

 !NewElementMapDefinition
         173       49462
         1.0000000000000000        0.0000000000000000        0.0000000000000000     
         0.0000000000000000        1.0000000000000000        0.0000000000000000     
         0.0000000000000000        0.0000000000000000        1.0000000000000000     

 !NewElementMapDefinition
         174       49463
         0.0000000000000000        0.0000000000000000        0.0000000000000000     
         0.0000000000000000        1.0000000000000000        0.0000000000000000     
         0.0000000000000000        0.0000000000000000        1.0000000000000000     

 !NewElementMapDefinition
         175       50323
         0.0000000000000000        0.0000000000000000        0.0000000000000000     
         0.0000000000000000        1.0000000000000000        0.0000000000000000     
         0.0000000000000000        0.0000000000000000        1.0000000000000000     

 !NewElementMapDefinition
         176       50324
         0.0000000000000000        0.0000000000000000        0.0000000000000000     
         0.0000000000000000        1.0000000000000000        0.0000000000000000     
         0.0000000000000000        0.0000000000000000        1.0000000000000000     

 !NewElementMapDefinition
         177       50326
         1.0000000000000000        0.0000000000000000        0.0000000000000000     
         0.0000000000000000        1.0000000000000000        0.0000000000000000     
         0.0000000000000000        0.0000000000000000        1.0000000000000000     

 !NewElementMapDefinition
         178       50327
         0.0000000000000000        0.0000000000000000        0.0000000000000000     
         0.0000000000000000        1.0000000000000000        0.0000000000000000     
         0.0000000000000000        0.0000000000000000        1.0000000000000000     

 !NewElementMapDefinition
         179       51205
         1.0000000000000000        0.0000000000000000        0.0000000000000000     
         0.0000000000000000        1.0000000000000000        0.0000000000000000     
         0.0000000000000000        0.0000000000000000        1.0000000000000000     

 !NewElementMapDefinition
         180       51206
         0.0000000000000000        0.0000000000000000        0.0000000000000000     
         0.0000000000000000        1.0000000000000000        0.0000000000000000     
         0.0000000000000000        0.0000000000000000        1.0000000000000000     

 !NewElementMapDefinition
         181       51208
         1.0000000000000000        0.0000000000000000        0.0000000000000000     
         0.0000000000000000        1.0000000000000000        0.0000000000000000     
         0.0000000000000000        0.0000000000000000        1.0000000000000000     

 !NewElementMapDefinition
         182       51209
         0.0000000000000000        0.0000000000000000        0.0000000000000000     
         0.0000000000000000        1.0000000000000000        0.0000000000000000     
         0.0000000000000000        0.0000000000000000        1.0000000000000000     

 !NewElementMapDefinition
         183       51343
         1.0000000000000000        0.0000000000000000        0.0000000000000000     
         0.0000000000000000        1.0000000000000000        0.0000000000000000     
         0.0000000000000000        0.0000000000000000        1.0000000000000000     

 !NewElementMapDefinition
         184       51344
         0.0000000000000000        0.0000000000000000        0.0000000000000000     
         0.0000000000000000        1.0000000000000000        0.0000000000000000     
         0.0000000000000000        0.0000000000000000        1.0000000000000000     

 !NewElementMapDefinition
         185       51346
         1.0000000000000000        0.0000000000000000        0.0000000000000000     
         0.0000000000000000        1.0000000000000000        0.0000000000000000     
         0.0000000000000000        0.0000000000000000        1.0000000000000000     

 !NewElementMapDefinition
         186       51347
         0.0000000000000000        0.0000000000000000        0.0000000000000000     
         0.0000000000000000        1.0000000000000000        0.0000000000000000     
         0.0000000000000000        0.0000000000000000        1.0000000000000000     

 !NewElementMapDefinition
         187       51643
         0.0000000000000000        0.0000000000000000        0.0000000000000000     
         1.0000000000000000        0.0000000000000000        0.0000000000000000     
         0.0000000000000000        0.0000000000000000        1.0000000000000000     

 !NewElementMapDefinition
         188       51644
         0.0000000000000000        0.0000000000000000        0.0000000000000000     
         0.0000000000000000        1.0000000000000000        0.0000000000000000     
         0.0000000000000000        0.0000000000000000        1.0000000000000000     

 !NewElementMapDefinition
         189       51646
         1.0000000000000000        0.0000000000000000        0.0000000000000000     
         0.0000000000000000        1.0000000000000000        0.0000000000000000     
         0.0000000000000000        0.0000000000000000        1.0000000000000000     

 !NewElementMapDefinition
         190       51647
         0.0000000000000000        0.0000000000000000        0.0000000000000000     
         0.0000000000000000        1.0000000000000000        0.0000000000000000     
         0.0000000000000000        0.0000000000000000        1.0000000000000000     

 !NewElementMapDefinition
         191       68491
         1.0000000000000000        0.0000000000000000        0.0000000000000000     
         0.0000000000000000        1.0000000000000000        0.0000000000000000     
         0.0000000000000000        0.0000000000000000        1.0000000000000000     

 !NewElementMapDefinition
         192       68492
         0.0000000000000000        0.0000000000000000        0.0000000000000000     
         0.0000000000000000        1.0000000000000000        0.0000000000000000     
         0.0000000000000000        0.0000000000000000        1.0000000000000000     

 !NewElementMapDefinition
         193       68494
         1.0000000000000000        0.0000000000000000        0.0000000000000000     
         0.0000000000000000        1.0000000000000000        0.0000000000000000     
         0.0000000000000000        0.0000000000000000        1.0000000000000000     

 !NewElementMapDefinition
         194       68495
         0.0000000000000000        0.0000000000000000        0.0000000000000000     
         0.0000000000000000        1.0000000000000000        0.0000000000000000     
         0.0000000000000000        0.0000000000000000        1.0000000000000000     

 !NewElementMapDefinition
         195       69301
         1.0000000000000000        0.0000000000000000        0.0000000000000000     
         0.0000000000000000        1.0000000000000000        0.0000000000000000     
         0.0000000000000000        0.0000000000000000        1.0000000000000000     

 !NewElementMapDefinition
         196       69302
         0.0000000000000000        0.0000000000000000        0.0000000000000000     
         0.0000000000000000        1.0000000000000000        0.0000000000000000     
         0.0000000000000000        0.0000000000000000        1.0000000000000000     

 !NewElementMapDefinition
         197       69304
         1.0000000000000000        0.0000000000000000        0.0000000000000000     
         0.0000000000000000        1.0000000000000000        0.0000000000000000     
         0.0000000000000000        0.0000000000000000        1.0000000000000000     

 !NewElementMapDefinition
         198       69305
         0.0000000000000000        0.0000000000000000        0.0000000000000000     
         0.0000000000000000        1.0000000000000000        0.0000000000000000     
         0.0000000000000000        0.0000000000000000        1.0000000000000000     

 !NewElementMapDefinition
         199       69655
         0.0000000000000000        0.0000000000000000        0.0000000000000000     
         0.0000000000000000        1.0000000000000000        0.0000000000000000     
         0.0000000000000000        0.0000000000000000        1.0000000000000000     

 !NewElementMapDefinition
         200       69656
         0.0000000000000000        0.0000000000000000        0.0000000000000000     
         0.0000000000000000        1.0000000000000000        0.0000000000000000     
         0.0000000000000000        0.0000000000000000        1.0000000000000000     

 !NewElementMapDefinition
         201       69658
         1.0000000000000000        0.0000000000000000        0.0000000000000000     
         0.0000000000000000        1.0000000000000000        0.0000000000000000     
         0.0000000000000000        0.0000000000000000        1.0000000000000000     

 !NewElementMapDefinition
         202       69659
         0.0000000000000000        0.0000000000000000        0.0000000000000000     
         0.0000000000000000        1.0000000000000000        0.0000000000000000     
         0.0000000000000000        0.0000000000000000        1.0000000000000000     

 !NewElementMapDefinition
         203       69667
         0.0000000000000000        0.0000000000000000        0.0000000000000000     
         0.0000000000000000        1.0000000000000000        0.0000000000000000     
         0.0000000000000000        0.0000000000000000        1.0000000000000000     

 !NewElementMapDefinition
         204       69668
         0.0000000000000000        0.0000000000000000        0.0000000000000000     
         0.0000000000000000        1.0000000000000000        0.0000000000000000     
         0.0000000000000000        0.0000000000000000        1.0000000000000000     

 !NewElementMapDefinition
         205       69670
         1.0000000000000000        0.0000000000000000        0.0000000000000000     
         0.0000000000000000        1.0000000000000000        0.0000000000000000     
         0.0000000000000000        0.0000000000000000        1.0000000000000000     

 !NewElementMapDefinition
         206       69671
         0.0000000000000000        0.0000000000000000        0.0000000000000000     
         0.0000000000000000        1.0000000000000000        0.0000000000000000     
         0.0000000000000000        0.0000000000000000        1.0000000000000000     

 !NewElementMapDefinition
         207       70135
         0.0000000000000000        0.0000000000000000        0.0000000000000000     
         0.0000000000000000        1.0000000000000000        0.0000000000000000     
         0.0000000000000000        0.0000000000000000        1.0000000000000000     

 !NewElementMapDefinition
         208       70136
         0.0000000000000000        0.0000000000000000        0.0000000000000000     
         0.0000000000000000        1.0000000000000000        0.0000000000000000     
         0.0000000000000000        0.0000000000000000        1.0000000000000000     

 !NewElementMapDefinition
         209       70138
         1.0000000000000000        0.0000000000000000        0.0000000000000000     
         0.0000000000000000        1.0000000000000000        0.0000000000000000     
         0.0000000000000000        0.0000000000000000        1.0000000000000000     

 !NewElementMapDefinition
         210       70139
         0.0000000000000000        0.0000000000000000        0.0000000000000000     
         0.0000000000000000        1.0000000000000000        0.0000000000000000     
         0.0000000000000000        0.0000000000000000        1.0000000000000000     

 !NewElementMapDefinition
         211       74047
         0.0000000000000000        0.0000000000000000        0.0000000000000000     
         0.0000000000000000        1.0000000000000000        0.0000000000000000     
         0.0000000000000000        0.0000000000000000        1.0000000000000000     

 !NewElementMapDefinition
         212       74048
         0.0000000000000000        0.0000000000000000        0.0000000000000000     
         0.0000000000000000        1.0000000000000000        0.0000000000000000     
         0.0000000000000000        0.0000000000000000        1.0000000000000000     

 !NewElementMapDefinition
         213       74050
         1.0000000000000000        0.0000000000000000        0.0000000000000000     
         0.0000000000000000        1.0000000000000000        0.0000000000000000     
         0.0000000000000000        0.0000000000000000        1.0000000000000000     

 !NewElementMapDefinition
         214       74051
         0.0000000000000000        0.0000000000000000        0.0000000000000000     
         0.0000000000000000        1.0000000000000000        0.0000000000000000     
         0.0000000000000000        0.0000000000000000        1.0000000000000000     

 !NewElementMapDefinition
         215       83101
         1.0000000000000000        0.0000000000000000        0.0000000000000000     
         0.0000000000000000        1.0000000000000000        0.0000000000000000     
         0.0000000000000000        0.0000000000000000        1.0000000000000000     

 !NewElementMapDefinition
         216       83102
         0.0000000000000000        0.0000000000000000        0.0000000000000000     
         0.0000000000000000        1.0000000000000000        0.0000000000000000     
         0.0000000000000000        0.0000000000000000        1.0000000000000000     

 !NewElementMapDefinition
         217       83104
         1.0000000000000000        0.0000000000000000        0.0000000000000000     
         0.0000000000000000        1.0000000000000000        0.0000000000000000     
         0.0000000000000000        0.0000000000000000        1.0000000000000000     

 !NewElementMapDefinition
         218       83105
         0.0000000000000000        0.0000000000000000        0.0000000000000000     
         0.0000000000000000        1.0000000000000000        0.0000000000000000     
         0.0000000000000000        0.0000000000000000        1.0000000000000000     

 !NewElementMapDefinition
         219       87865
         1.0000000000000000        0.0000000000000000        0.0000000000000000     
         0.0000000000000000        1.0000000000000000        0.0000000000000000     
         0.0000000000000000        0.0000000000000000        1.0000000000000000     

 !NewElementMapDefinition
         220       87866
         0.0000000000000000        0.0000000000000000        0.0000000000000000     
         0.0000000000000000        1.0000000000000000        0.0000000000000000     
         0.0000000000000000        0.0000000000000000        1.0000000000000000     

 !NewElementMapDefinition
         221       87868
         1.0000000000000000        0.0000000000000000        0.0000000000000000     
         0.0000000000000000        1.0000000000000000        0.0000000000000000     
         0.0000000000000000        0.0000000000000000        1.0000000000000000     

 !NewElementMapDefinition
         222       87869
         0.0000000000000000        0.0000000000000000        0.0000000000000000     
         0.0000000000000000        1.0000000000000000        0.0000000000000000     
         0.0000000000000000        0.0000000000000000        1.0000000000000000     

 !NewElementMapDefinition
         223       88789
         1.0000000000000000        0.0000000000000000        0.0000000000000000     
         0.0000000000000000        1.0000000000000000        0.0000000000000000     
         0.0000000000000000        0.0000000000000000        1.0000000000000000     

 !NewElementMapDefinition
         224       88790
         0.0000000000000000        0.0000000000000000        0.0000000000000000     
         0.0000000000000000        1.0000000000000000        0.0000000000000000     
         0.0000000000000000        0.0000000000000000        1.0000000000000000     

 !NewElementMapDefinition
         225       88792
         1.0000000000000000        0.0000000000000000        0.0000000000000000     
         0.0000000000000000        1.0000000000000000        0.0000000000000000     
         0.0000000000000000        0.0000000000000000        1.0000000000000000     

 !NewElementMapDefinition
         226       88793
         0.0000000000000000        0.0000000000000000        0.0000000000000000     
         0.0000000000000000        1.0000000000000000        0.0000000000000000     
         0.0000000000000000        0.0000000000000000        1.0000000000000000     

 !NewElementMapDefinition
         227      109266
         0.0000000000000000        0.0000000000000000        0.0000000000000000     
         1.0000000000000000        0.0000000000000000        0.0000000000000000     
         0.0000000000000000        1.0000000000000000        0.0000000000000000     

 !NewElementMapDefinition
         228      109387
         0.0000000000000000        0.0000000000000000        0.0000000000000000     
         1.0000000000000000        0.0000000000000000        0.0000000000000000     
         0.0000000000000000        1.0000000000000000        0.0000000000000000     

 !NewElementMapDefinition
         229      109377
         0.0000000000000000        0.0000000000000000        0.0000000000000000     
         1.0000000000000000        0.0000000000000000        0.0000000000000000     
         0.0000000000000000        0.0000000000000000        1.0000000000000000     

 !NewElementMapDefinition
         230      129109
         0.0000000000000000        0.0000000000000000        0.0000000000000000     
         1.0000000000000000        0.0000000000000000        0.0000000000000000     
         0.0000000000000000        0.0000000000000000        1.0000000000000000     

 !NewElementMapDefinition
         231      109257
         0.0000000000000000        0.0000000000000000        0.0000000000000000     
         1.0000000000000000        0.0000000000000000        0.0000000000000000     
         0.0000000000000000        1.0000000000000000        0.0000000000000000     

 !NewElementMapDefinition
         232      109083
         0.0000000000000000        0.0000000000000000        0.0000000000000000     
         1.0000000000000000        0.0000000000000000        0.0000000000000000     
         0.0000000000000000        1.0000000000000000        0.0000000000000000     

 !NewElementMapDefinition
         233      109084
         1.0000000000000000        0.0000000000000000        0.0000000000000000     
         0.0000000000000000        1.0000000000000000        0.0000000000000000     
         0.0000000000000000        0.0000000000000000        1.0000000000000000     

 !NewElementMapDefinition
         234      109065
         0.0000000000000000        0.0000000000000000        0.0000000000000000     
         1.0000000000000000        0.0000000000000000        0.0000000000000000     
         0.0000000000000000        1.0000000000000000        0.0000000000000000     

 !NewElementMapDefinition
         235      109082
         0.0000000000000000        0.0000000000000000        0.0000000000000000     
         1.0000000000000000        0.0000000000000000        0.0000000000000000     
         0.0000000000000000        1.0000000000000000        0.0000000000000000     

 !NewElementMapDefinition
         236       99371
         0.0000000000000000        0.0000000000000000        0.0000000000000000     
         1.0000000000000000        0.0000000000000000        0.0000000000000000     
         0.0000000000000000        0.0000000000000000        1.0000000000000000     

 !NewElementMapDefinition
         237       99424
         1.0000000000000000        0.0000000000000000        0.0000000000000000     
         0.0000000000000000        1.0000000000000000        0.0000000000000000     
         0.0000000000000000        0.0000000000000000        1.0000000000000000     

 !NewElementMapDefinition
         238       99367
         0.0000000000000000        0.0000000000000000        0.0000000000000000     
         1.0000000000000000        0.0000000000000000        0.0000000000000000     
         0.0000000000000000        1.0000000000000000        0.0000000000000000     

 !NewElementMapDefinition
         239      109000
         0.0000000000000000        0.0000000000000000        0.0000000000000000     
         1.0000000000000000        0.0000000000000000        0.0000000000000000     
         0.0000000000000000        1.0000000000000000        0.0000000000000000     

 !NewElementMapDefinition
         240      108991
         0.0000000000000000        0.0000000000000000        0.0000000000000000     
         1.0000000000000000        0.0000000000000000        0.0000000000000000     
         0.0000000000000000        1.0000000000000000        0.0000000000000000     

 !NewElementMapDefinition
         241      108993
         0.0000000000000000        0.0000000000000000        0.0000000000000000     
         1.0000000000000000        0.0000000000000000        0.0000000000000000     
         0.0000000000000000        0.0000000000000000        1.0000000000000000     

 !NewElementMapDefinition
         242       99092
         0.0000000000000000        0.0000000000000000        0.0000000000000000     
         1.0000000000000000        0.0000000000000000        0.0000000000000000     
         0.0000000000000000        0.0000000000000000        1.0000000000000000     

 !NewElementMapDefinition
         243      108960
         1.0000000000000000        0.0000000000000000        0.0000000000000000     
         0.0000000000000000        1.0000000000000000        0.0000000000000000     
         0.0000000000000000        0.0000000000000000        1.0000000000000000     

 !NewElementMapDefinition
         244      108961
         0.0000000000000000        0.0000000000000000        0.0000000000000000     
         1.0000000000000000        0.0000000000000000        0.0000000000000000     
         0.0000000000000000        1.0000000000000000        0.0000000000000000     

 !NewElementMapDefinition
         245       99067
         0.0000000000000000        0.0000000000000000        0.0000000000000000     
         1.0000000000000000        0.0000000000000000        0.0000000000000000     
         0.0000000000000000        1.0000000000000000        0.0000000000000000     

 !NewElementMapDefinition
         246       98933
         0.0000000000000000        0.0000000000000000        0.0000000000000000     
         1.0000000000000000        0.0000000000000000        0.0000000000000000     
         0.0000000000000000        1.0000000000000000        0.0000000000000000     

 !NewElementMapDefinition
         247      109460
         0.0000000000000000        0.0000000000000000        0.0000000000000000     
         1.0000000000000000        0.0000000000000000        0.0000000000000000     
         0.0000000000000000        1.0000000000000000        0.0000000000000000     

 !NewElementMapDefinition
         248      109462
         0.0000000000000000        0.0000000000000000        0.0000000000000000     
         1.0000000000000000        0.0000000000000000        0.0000000000000000     
         0.0000000000000000        1.0000000000000000        0.0000000000000000     

 !NewElementMapDefinition
         249      108965
         0.0000000000000000        0.0000000000000000        0.0000000000000000     
         1.0000000000000000        0.0000000000000000        0.0000000000000000     
         0.0000000000000000        1.0000000000000000        0.0000000000000000     

 !NewElementMapDefinition
         250       99118
         0.0000000000000000        0.0000000000000000        0.0000000000000000     
         1.0000000000000000        0.0000000000000000        0.0000000000000000     
         0.0000000000000000        1.0000000000000000        0.0000000000000000     

 !NewElementMapDefinition
         251      125238
         1.0000000000000000        0.0000000000000000        0.0000000000000000     
         0.0000000000000000        1.0000000000000000        0.0000000000000000     
         0.0000000000000000        0.0000000000000000        1.0000000000000000     

 !NewElementMapDefinition
         252      128264
         1.0000000000000000        0.0000000000000000        0.0000000000000000     
         0.0000000000000000        1.0000000000000000        0.0000000000000000     
         0.0000000000000000        0.0000000000000000        1.0000000000000000     

 !NewElementMapDefinition
         253       99551
         1.0000000000000000        0.0000000000000000        0.0000000000000000     
         0.0000000000000000        1.0000000000000000        0.0000000000000000     
         0.0000000000000000        0.0000000000000000        1.0000000000000000     

 !NewElementMapDefinition
         254      109262
         0.0000000000000000        0.0000000000000000        0.0000000000000000     
         1.0000000000000000        0.0000000000000000        0.0000000000000000     
         0.0000000000000000        1.0000000000000000        0.0000000000000000     

 !NewElementMapDefinition
         255      128400
         0.0000000000000000        0.0000000000000000        0.0000000000000000     
         0.0000000000000000        1.0000000000000000        0.0000000000000000     
         0.0000000000000000        0.0000000000000000        1.0000000000000000     

 !NewElementMapDefinition
         256       99570
         1.0000000000000000        0.0000000000000000        0.0000000000000000     
         0.0000000000000000        1.0000000000000000        0.0000000000000000     
         0.0000000000000000        0.0000000000000000        1.0000000000000000     

 !NewElementMapDefinition
         257      109261
         0.0000000000000000        0.0000000000000000        0.0000000000000000     
         1.0000000000000000        0.0000000000000000        0.0000000000000000     
         0.0000000000000000        1.0000000000000000        0.0000000000000000     

 !NewElementMapDefinition
         258      109354
         0.0000000000000000        0.0000000000000000        0.0000000000000000     
         0.0000000000000000        1.0000000000000000        0.0000000000000000     
         0.0000000000000000        0.0000000000000000        1.0000000000000000     

 !NewElementMapDefinition
         259      109374
         0.0000000000000000        0.0000000000000000        0.0000000000000000     
         1.0000000000000000        0.0000000000000000        0.0000000000000000     
         0.0000000000000000        1.0000000000000000        0.0000000000000000     

 !NewElementMapDefinition
         260      109358
         0.0000000000000000        0.0000000000000000        0.0000000000000000     
         1.0000000000000000        0.0000000000000000        0.0000000000000000     
         0.0000000000000000        0.0000000000000000        1.0000000000000000     

 !NewElementMapDefinition
         261      109258
         0.0000000000000000        0.0000000000000000        0.0000000000000000     
         1.0000000000000000        0.0000000000000000        0.0000000000000000     
         0.0000000000000000        1.0000000000000000        0.0000000000000000     

 !NewElementMapDefinition
         262      109259
         1.0000000000000000        0.0000000000000000        0.0000000000000000     
         0.0000000000000000        1.0000000000000000        0.0000000000000000     
         0.0000000000000000        0.0000000000000000        1.0000000000000000     

 !NewElementMapDefinition
         263       99060
         1.0000000000000000        0.0000000000000000        0.0000000000000000     
         0.0000000000000000        1.0000000000000000        0.0000000000000000     
         0.0000000000000000        0.0000000000000000        1.0000000000000000     

 !NewElementMapDefinition
         264      109303
         0.0000000000000000        0.0000000000000000        0.0000000000000000     
         1.0000000000000000        0.0000000000000000        0.0000000000000000     
         0.0000000000000000        1.0000000000000000        0.0000000000000000     

 !NewElementMapDefinition
         265       99437
         0.0000000000000000        0.0000000000000000        0.0000000000000000     
         1.0000000000000000        0.0000000000000000        0.0000000000000000     
         0.0000000000000000        1.0000000000000000        0.0000000000000000     

 !NewElementMapDefinition
         266       99438
         0.0000000000000000        0.0000000000000000        0.0000000000000000     
         1.0000000000000000        0.0000000000000000        0.0000000000000000     
         0.0000000000000000        0.0000000000000000        1.0000000000000000     

 !NewElementMapDefinition
         267      109463
         0.0000000000000000        0.0000000000000000        0.0000000000000000     
         1.0000000000000000        0.0000000000000000        0.0000000000000000     
         0.0000000000000000        1.0000000000000000        0.0000000000000000     

 !NewElementMapDefinition
         268      109465
         0.0000000000000000        0.0000000000000000        0.0000000000000000     
         1.0000000000000000        0.0000000000000000        0.0000000000000000     
         0.0000000000000000        0.0000000000000000        1.0000000000000000     

 !NewElementMapDefinition
         269      110025
         0.0000000000000000        0.0000000000000000        0.0000000000000000     
         1.0000000000000000        0.0000000000000000        0.0000000000000000     
         0.0000000000000000        1.0000000000000000        0.0000000000000000     

 !NewElementMapDefinition
         270      109066
         1.0000000000000000        0.0000000000000000        0.0000000000000000     
         0.0000000000000000        1.0000000000000000        0.0000000000000000     
         0.0000000000000000        0.0000000000000000        1.0000000000000000     

 !NewElementMapDefinition
         271       99087
         0.0000000000000000        0.0000000000000000        0.0000000000000000     
         1.0000000000000000        0.0000000000000000        0.0000000000000000     
         0.0000000000000000        1.0000000000000000        0.0000000000000000     

 !NewElementMapDefinition
         272       98956
         1.0000000000000000        0.0000000000000000        0.0000000000000000     
         0.0000000000000000        1.0000000000000000        0.0000000000000000     
         0.0000000000000000        0.0000000000000000        1.0000000000000000     

 !NewElementMapDefinition
         273       99085
         0.0000000000000000        0.0000000000000000        0.0000000000000000     
         0.0000000000000000        1.0000000000000000        0.0000000000000000     
         0.0000000000000000        0.0000000000000000        1.0000000000000000     

 !NewElementMapDefinition
         274      110006
         0.0000000000000000        0.0000000000000000        0.0000000000000000     
         0.0000000000000000        1.0000000000000000        0.0000000000000000     
         0.0000000000000000        0.0000000000000000        1.0000000000000000     

 !NewElementMapDefinition
         275      110004
         1.0000000000000000        0.0000000000000000        0.0000000000000000     
         0.0000000000000000        1.0000000000000000        0.0000000000000000     
         0.0000000000000000        0.0000000000000000        1.0000000000000000     

 !NewElementMapDefinition
         276      129154
         0.0000000000000000        0.0000000000000000        0.0000000000000000     
         0.0000000000000000        1.0000000000000000        0.0000000000000000     
         0.0000000000000000        0.0000000000000000        1.0000000000000000     

 !NewElementMapDefinition
         277      109263
         1.0000000000000000        0.0000000000000000        0.0000000000000000     
         0.0000000000000000        1.0000000000000000        0.0000000000000000     
         0.0000000000000000        0.0000000000000000        1.0000000000000000     

 !NewElementMapDefinition
         278      109453
         0.0000000000000000        0.0000000000000000        0.0000000000000000     
         1.0000000000000000        0.0000000000000000        0.0000000000000000     
         0.0000000000000000        0.0000000000000000        1.0000000000000000     

 !NewElementMapDefinition
         279      129097
         0.0000000000000000        0.0000000000000000        0.0000000000000000     
         0.0000000000000000        1.0000000000000000        0.0000000000000000     
         0.0000000000000000        0.0000000000000000        1.0000000000000000     

 !NewElementMapDefinition
         280      130874
         1.0000000000000000        0.0000000000000000        0.0000000000000000     
         0.0000000000000000        1.0000000000000000        0.0000000000000000     
         0.0000000000000000        0.0000000000000000        1.0000000000000000     

 !NewElementMapDefinition
         281      109449
         0.0000000000000000        0.0000000000000000        0.0000000000000000     
         1.0000000000000000        0.0000000000000000        0.0000000000000000     
         0.0000000000000000        1.0000000000000000        0.0000000000000000     

 !NewElementMapDefinition
         282       99354
         0.0000000000000000        0.0000000000000000        0.0000000000000000     
         1.0000000000000000        0.0000000000000000        0.0000000000000000     
         0.0000000000000000        1.0000000000000000        0.0000000000000000     

 !NewElementMapDefinition
         283       99364
         0.0000000000000000        0.0000000000000000        0.0000000000000000     
         1.0000000000000000        0.0000000000000000        0.0000000000000000     
         0.0000000000000000        1.0000000000000000        0.0000000000000000     

 !NewElementMapDefinition
         284      128380
         0.0000000000000000        0.0000000000000000        0.0000000000000000     
         0.0000000000000000        1.0000000000000000        0.0000000000000000     
         0.0000000000000000        0.0000000000000000        1.0000000000000000     

 !NewElementMapDefinition
         285       99429
         0.0000000000000000        0.0000000000000000        0.0000000000000000     
         1.0000000000000000        0.0000000000000000        0.0000000000000000     
         0.0000000000000000        1.0000000000000000        0.0000000000000000     

 !NewElementMapDefinition
         286       99125
         0.0000000000000000        0.0000000000000000        0.0000000000000000     
         1.0000000000000000        0.0000000000000000        0.0000000000000000     
         0.0000000000000000        1.0000000000000000        0.0000000000000000     

 !NewElementMapDefinition
         287       99119
         0.0000000000000000        0.0000000000000000        0.0000000000000000     
         1.0000000000000000        0.0000000000000000        0.0000000000000000     
         0.0000000000000000        1.0000000000000000        0.0000000000000000     

 !NewElementMapDefinition
         288      109457
         0.0000000000000000        0.0000000000000000        0.0000000000000000     
         1.0000000000000000        0.0000000000000000        0.0000000000000000     
         0.0000000000000000        0.0000000000000000        1.0000000000000000     

 !NewElementMapDefinition
         289      109458
         0.0000000000000000        0.0000000000000000        0.0000000000000000     
         1.0000000000000000        0.0000000000000000        0.0000000000000000     
         0.0000000000000000        0.0000000000000000        1.0000000000000000     

 !NewElementMapDefinition
         290      109007
         0.0000000000000000        0.0000000000000000        0.0000000000000000     
         1.0000000000000000        0.0000000000000000        0.0000000000000000     
         0.0000000000000000        1.0000000000000000        0.0000000000000000     

 !NewElementMapDefinition
         291      109048
         1.0000000000000000        0.0000000000000000        0.0000000000000000     
         0.0000000000000000        1.0000000000000000        0.0000000000000000     
         0.0000000000000000        0.0000000000000000        1.0000000000000000     

 !NewElementMapDefinition
         292      109002
         1.0000000000000000        0.0000000000000000        0.0000000000000000     
         0.0000000000000000        1.0000000000000000        0.0000000000000000     
         0.0000000000000000        0.0000000000000000        1.0000000000000000     

 !NewElementMapDefinition
         293      109001
         0.0000000000000000        0.0000000000000000        0.0000000000000000     
         1.0000000000000000        0.0000000000000000        0.0000000000000000     
         0.0000000000000000        1.0000000000000000        0.0000000000000000     

 !NewElementMapDefinition
         294       97894
         1.0000000000000000        0.0000000000000000        0.0000000000000000     
         0.0000000000000000        1.0000000000000000        0.0000000000000000     
         0.0000000000000000        0.0000000000000000        1.0000000000000000     

 !NewElementMapDefinition
         295      108962
         0.0000000000000000        0.0000000000000000        0.0000000000000000     
         1.0000000000000000        0.0000000000000000        0.0000000000000000     
         0.0000000000000000        1.0000000000000000        0.0000000000000000     

 !NewElementMapDefinition
         296      109297
         1.0000000000000000        0.0000000000000000        0.0000000000000000     
         0.0000000000000000        1.0000000000000000        0.0000000000000000     
         0.0000000000000000        0.0000000000000000        1.0000000000000000     

 !NewElementMapDefinition
         297      109294
         0.0000000000000000        0.0000000000000000        0.0000000000000000     
         1.0000000000000000        0.0000000000000000        0.0000000000000000     
         0.0000000000000000        1.0000000000000000        0.0000000000000000     

 !NewElementMapDefinition
         298      109274
         0.0000000000000000        0.0000000000000000        0.0000000000000000     
         1.0000000000000000        0.0000000000000000        0.0000000000000000     
         0.0000000000000000        1.0000000000000000        0.0000000000000000     

 !NewElementMapDefinition
         299      109295
         0.0000000000000000        0.0000000000000000        0.0000000000000000     
         1.0000000000000000        0.0000000000000000        0.0000000000000000     
         0.0000000000000000        0.0000000000000000        1.0000000000000000     

 !NewElementMapDefinition
         300       97835
         0.0000000000000000        0.0000000000000000        0.0000000000000000     
         1.0000000000000000        0.0000000000000000        0.0000000000000000     
         0.0000000000000000        1.0000000000000000        0.0000000000000000     

 !NewElementMapDefinition
         301       97833
         0.0000000000000000        0.0000000000000000        0.0000000000000000     
         1.0000000000000000        0.0000000000000000        0.0000000000000000     
         0.0000000000000000        1.0000000000000000        0.0000000000000000     

 !NewElementMapDefinition
         302       97881
         0.0000000000000000        0.0000000000000000        0.0000000000000000     
         1.0000000000000000        0.0000000000000000        0.0000000000000000     
         0.0000000000000000        1.0000000000000000        0.0000000000000000     

 !NewElementMapDefinition
         303       97905
         1.0000000000000000        0.0000000000000000        0.0000000000000000     
         0.0000000000000000        1.0000000000000000        0.0000000000000000     
         0.0000000000000000        0.0000000000000000        1.0000000000000000     

 !NewElementMapDefinition
         304       99065
         0.0000000000000000        0.0000000000000000        0.0000000000000000     
         1.0000000000000000        0.0000000000000000        0.0000000000000000     
         0.0000000000000000        1.0000000000000000        0.0000000000000000     

 !NewElementMapDefinition
         305       97836
         0.0000000000000000        0.0000000000000000        0.0000000000000000     
         1.0000000000000000        0.0000000000000000        0.0000000000000000     
         0.0000000000000000        1.0000000000000000        0.0000000000000000     

 !NewElementMapDefinition
         306       97879
         0.0000000000000000        0.0000000000000000        0.0000000000000000     
         1.0000000000000000        0.0000000000000000        0.0000000000000000     
         0.0000000000000000        1.0000000000000000        0.0000000000000000     

 !NewElementMapDefinition
         307       97880
         0.0000000000000000        0.0000000000000000        0.0000000000000000     
         1.0000000000000000        0.0000000000000000        0.0000000000000000     
         0.0000000000000000        0.0000000000000000        1.0000000000000000     

 !NewElementMapDefinition
         308      128384
         0.0000000000000000        0.0000000000000000        0.0000000000000000     
         1.0000000000000000        0.0000000000000000        0.0000000000000000     
         0.0000000000000000        0.0000000000000000        1.0000000000000000     

 !NewElementMapDefinition
         309      128383
         0.0000000000000000        0.0000000000000000        0.0000000000000000     
         0.0000000000000000        1.0000000000000000        0.0000000000000000     
         0.0000000000000000        0.0000000000000000        1.0000000000000000     
